0	1	66
0.978606969143	-0.053339947828	0.198703925252	-0.490156449957
0.055306290067	0.998459939017	-0.004354820067	0.028839419179
-0.198165623215	0.015251234194	0.980049889358	0.115195803681
0.000000000000	0.000000000000	0.000000000000	1.000000000000
0	2	66
0.832524370777	-0.020213547350	0.553619530514	-0.770187444420
0.089986372056	0.990996603477	-0.099137201600	0.077091267235
-0.546631159839	0.132352349433	0.826847767544	0.136972512474
0.000000000000	0.000000000000	0.000000000000	1.000000000000
0	5	66
0.405579405029	0.012127958619	0.913979353616	-0.919778991786
0.230359231778	0.966281256949	-0.115044151545	0.043841212382
-0.884556369346	0.257203120295	0.389109990053	0.038851216435
0.000000000000	0.000000000000	0.000000000000	1.000000000000
0	6	66
0.688867235330	-0.138991681369	0.711437449534	-0.865228899023
0.238560516402	0.970243135833	-0.041438356424	0.070801184708
-0.684507715152	0.198266411375	0.701526633862	0.239498831351
0.000000000000	0.000000000000	0.000000000000	1.000000000000
0	7	66
0.674519782121	-0.007479394923	0.738218885005	-0.787251921473
0.061292406410	0.997063826577	-0.045901706369	-0.037829843262
-0.735708029346	0.076208820898	0.672997705177	0.480210633537
0.000000000000	0.000000000000	0.000000000000	1.000000000000
0	34	66
0.621472396130	0.418669453599	-0.662184226232	0.703962458033
-0.292256547461	0.908110411793	0.299869288955	-0.184443351029
0.726882501725	0.007167190209	0.686724442605	0.535754499669
0.000000000000	0.000000000000	0.000000000000	1.000000000000
0	35	66
0.874447519232	0.295591374724	-0.384665146975	0.942907776962
-0.221036200478	0.948606401458	0.226470512850	-0.252812764453
0.431838551066	-0.113011655597	0.894842908846	0.535365235736
0.000000000000	0.000000000000	0.000000000000	1.000000000000
0	36	66
-0.937023893588	0.178911774218	-0.299961330661	-0.065135592835
0.092611607619	-0.700817163632	-0.707303607578	1.876193993516
-0.336762992295	-0.690540281377	0.640113120328	0.851045441064
0.000000000000	0.000000000000	0.000000000000	1.000000000000
0	37	66
0.985168664786	0.161527244035	-0.057893448322	1.049834550872
-0.148171175522	0.970984997309	0.187705721130	-0.247117843899
0.086533257587	-0.176343654366	0.980517674954	0.416570838966
0.000000000000	0.000000000000	0.000000000000	1.000000000000
0	38	66
0.985444163428	-0.007480030641	0.169834772371	0.781681669641
-0.014511884437	0.991683470156	0.127880022795	-0.121036767022
-0.169378882907	-0.128483244672	0.977140138293	0.381749410383
0.000000000000	0.000000000000	0.000000000000	1.000000000000
0	45	66
0.791762503090	-0.144978386975	0.593374591646	0.221218418128
0.345294468995	0.907552407814	-0.238998654292	-0.032728976995
-0.503868899996	0.394119137295	0.768626201242	0.021237100862
0.000000000000	0.000000000000	0.000000000000	1.000000000000
0	46	66
0.844140144981	-0.117145895333	0.523167520817	0.191197910906
0.173009931630	0.983150691908	-0.059010851189	-0.050575712824
-0.507439631078	0.140326605485	0.850184370948	0.239070558314
0.000000000000	0.000000000000	0.000000000000	1.000000000000
0	47	66
0.708882452370	-0.348266112409	0.613348500992	-0.355145461662
0.218887717131	0.935284735069	0.278083857201	-0.028735322259
-0.670502674126	-0.062874313470	0.739238110960	0.427738268149
0.000000000000	0.000000000000	0.000000000000	1.000000000000
0	48	66
0.647594510872	-0.438179380922	0.623394080517	-0.734984623359
0.206914934805	0.888501653735	0.409574194822	0.067502324600
-0.733353638597	-0.136248454833	0.666054651896	0.338665762023
0.000000000000	0.000000000000	0.000000000000	1.000000000000
0	49	66
0.685116680871	-0.368712538959	0.628224639127	-0.743645992128
0.228360186330	0.927673159987	0.295421958457	-0.080276205035
-0.691712916528	-0.058937015986	0.719763620403	0.620772906007
0.000000000000	0.000000000000	0.000000000000	1.000000000000
1	2	66
0.934289876101	0.035084847920	0.354783709971	-0.218103574578
-0.007725983302	0.996904689421	-0.078239052856	-0.059750847529
-0.356430549471	0.070356901981	0.931669023714	-0.007830346269
0.000000000000	0.000000000000	0.000000000000	1.000000000000
1	3	66
0.703840730330	-0.148150505186	0.694737111533	-0.195375553837
0.195949779485	0.980556821133	0.010583215423	-0.039405627647
-0.682797122319	0.128684685732	0.719185887939	-0.004430412335
0.000000000000	0.000000000000	0.000000000000	1.000000000000
1	5	66
0.577159725251	-0.047145538738	0.815269249834	-0.349701074495
0.295472915394	0.942749374514	-0.154658892798	0.184624914075
-0.761303098520	0.330152866154	0.558047199754	-0.180027158388
0.000000000000	0.000000000000	0.000000000000	1.000000000000
1	6	66
0.847130888055	-0.108143787920	0.520263567471	-0.305437535554
0.166712877965	0.983728345409	-0.066972821051	0.025090724771
-0.504555323849	0.143469382006	0.851375628969	0.020072270181
0.000000000000	0.000000000000	0.000000000000	1.000000000000
1	7	66
0.811219893456	0.051125434014	0.582501909403	-0.343264309610
-0.016834428212	0.997799478655	-0.064131134580	-0.091391353075
-0.584498833607	0.042218365584	0.810295454213	0.309877920982
0.000000000000	0.000000000000	0.000000000000	1.000000000000
1	34	66
0.456002493041	0.437554121103	-0.774989107954	1.096161471199
-0.295475562336	0.895834658169	0.331925379093	-0.260480128692
0.839497420129	0.077631542107	0.537789387462	0.651369826217
0.000000000000	0.000000000000	0.000000000000	1.000000000000
1	35	66
0.726963222037	0.166111165851	-0.666281888081	2.123532734976
-0.067195148287	0.982851420855	0.171720402309	-0.214595523841
0.683380776619	-0.080063506681	0.725658700110	1.181343382247
0.000000000000	0.000000000000	0.000000000000	1.000000000000
1	36	66
-0.849312914112	0.243361950617	-0.468446939273	0.386914679785
0.181262134620	-0.698997700111	-0.691770376493	1.866475428348
-0.495793921378	-0.672441206524	0.549555466984	0.868579562619
0.000000000000	0.000000000000	0.000000000000	1.000000000000
1	37	66
0.949306689817	0.208394887878	-0.235347358970	1.396660457538
-0.183361933625	0.975205383373	0.123906664622	-0.186479633993
0.255333526911	-0.074471678824	0.963980683981	0.545057022680
0.000000000000	0.000000000000	0.000000000000	1.000000000000
1	38	66
0.990541796423	0.116180284491	-0.073000623521	1.310707062539
-0.104545898854	0.983618692986	0.146848295327	-0.292894814815
0.088865654623	-0.137827458452	0.986461599417	0.565753072273
0.000000000000	0.000000000000	0.000000000000	1.000000000000
1	45	66
0.928664249242	-0.121667623569	0.350399345826	0.857635406915
0.215308455889	0.946050004305	-0.242139749272	-0.237279731153
-0.302034734761	0.300310470564	0.904758885155	0.084203997045
0.000000000000	0.000000000000	0.000000000000	1.000000000000
1	46	66
0.910967576190	-0.104009944320	0.399149103235	0.514383704907
0.141359931386	0.987807532048	-0.065220007879	-0.127281808579
-0.387498961198	0.115837002342	0.914563471804	0.260475678841
0.000000000000	0.000000000000	0.000000000000	1.000000000000
1	47	66
0.859565077042	-0.291348205765	0.419838184694	0.180230516942
0.209946903186	0.950356210423	0.229663604330	-0.011726690207
-0.465907905248	-0.109267087033	0.878060662778	0.312894019079
0.000000000000	0.000000000000	0.000000000000	1.000000000000
1	48	66
0.810891372483	-0.342394979107	0.474574399135	-0.163145231220
0.156097581228	0.908138207604	0.388482356131	0.040073909686
-0.563993552416	-0.240937075131	0.789848465631	0.169362521797
0.000000000000	0.000000000000	0.000000000000	1.000000000000
1	49	66
0.842866958688	-0.270093031123	0.465429956589	-0.271784189294
0.163666726819	0.952609015136	0.256416198422	-0.070966584152
-0.512629000822	-0.139949343764	0.847127905748	0.418801287140
0.000000000000	0.000000000000	0.000000000000	1.000000000000
2	3	66
0.879926786451	-0.184491733260	0.437826050897	-0.114745459893
0.169377096698	0.982790176473	0.073721558200	0.065710488735
-0.443892159876	0.009288131560	0.896032075884	-0.017166874219
0.000000000000	0.000000000000	0.000000000000	1.000000000000
2	5	66
0.820977187264	-0.089366289138	0.563923863972	-0.130649020343
0.155433084493	0.985353709880	-0.070132892934	0.009722288784
-0.549396955066	0.145229930772	0.822843395168	-0.192431575011
0.000000000000	0.000000000000	0.000000000000	1.000000000000
2	6	66
0.969878748689	-0.133083286148	0.204019733824	-0.162477412833
0.138290375337	0.990325930961	-0.011415890483	0.126477067073
-0.200526768614	0.039285995143	0.978900212307	-0.028441519119
0.000000000000	0.000000000000	0.000000000000	1.000000000000
2	7	66
0.966641288505	0.031608925039	0.254176110632	-0.224150169824
-0.035521181605	0.999310394480	0.010815782016	-0.015892497581
-0.253658954140	-0.019483617250	0.967097473703	0.280694924883
0.000000000000	0.000000000000	0.000000000000	1.000000000000
2	8	66
0.984606260419	-0.084647625139	0.152922501622	-0.548064611704
0.080513757780	0.996205846108	0.033037054779	-0.122828265223
-0.155138798346	-0.020216125707	0.987685811131	0.733571736712
0.000000000000	0.000000000000	0.000000000000	1.000000000000
2	35	66
-0.786929180402	0.423089656295	-0.449152098701	0.213127519491
0.060744610239	-0.671256006762	-0.738732336989	2.056769424512
-0.614046054753	-0.608613601657	0.502530522974	1.025308735953
0.000000000000	0.000000000000	0.000000000000	1.000000000000
2	36	66
0.797004320920	0.171483635649	-0.579117842186	1.157488044565
-0.082183422754	0.980719665362	0.177298683007	-0.045558330864
0.598356079152	-0.093713930001	0.795730923029	1.029316495538
0.000000000000	0.000000000000	0.000000000000	1.000000000000
2	37	66
0.820983766106	0.223802491980	-0.525260031197	1.260501738028
-0.124431081575	0.967993862004	0.217955933759	-0.094646086959
0.557227567272	-0.113579609552	0.822555232532	1.049665703633
0.000000000000	0.000000000000	0.000000000000	1.000000000000
2	38	66
0.919863012168	0.152011703719	-0.361586062753	1.110132240036
-0.065712196106	0.968544114957	0.240008759559	-0.178268609201
0.386696193578	-0.197014566249	0.900916929888	1.043484731521
0.000000000000	0.000000000000	0.000000000000	1.000000000000
2	45	66
0.985929771287	-0.152623996330	0.068179189153	0.779803839475
0.163674632041	0.964279857041	-0.208266589090	-0.101144383492
-0.033957339640	0.216495434246	0.975692895349	0.388007516656
0.000000000000	0.000000000000	0.000000000000	1.000000000000
2	46	66
0.995845692845	-0.085687454863	0.030806105242	0.604545370033
0.086297293974	0.996087447704	-0.019041364955	-0.004444865899
-0.029053968644	0.021620744797	0.999343989976	0.494082182957
0.000000000000	0.000000000000	0.000000000000	1.000000000000
2	47	66
0.967845473281	-0.209488247176	0.139247312883	0.155023914771
0.155477512663	0.933359492489	0.323522488919	0.018506645636
-0.197741960408	-0.291469950553	0.935918471352	0.431180587284
0.000000000000	0.000000000000	0.000000000000	1.000000000000
2	48	66
0.958664477435	-0.223908338342	0.175577549038	-0.061291494858
0.114402087749	0.868298271735	0.482669942736	0.044410310264
-0.260527507231	-0.442632090254	0.858022290301	0.173253470455
0.000000000000	0.000000000000	0.000000000000	1.000000000000
2	49	66
0.975230542046	-0.180306144697	0.128121364514	-0.221618181653
0.127383700204	0.931358824398	0.341092558022	-0.025764947315
-0.180828047556	-0.316323306760	0.931257635038	0.390790598012
0.000000000000	0.000000000000	0.000000000000	1.000000000000
3	4	66
0.940480249765	-0.006938685683	0.339777507264	-0.301837702361
-0.012436413421	0.998419235290	0.054812099258	-0.374051177760
-0.339620722899	-0.055775310352	0.938907279412	0.071057640731
0.000000000000	0.000000000000	0.000000000000	1.000000000000
3	5	66
0.996308706504	0.073809813866	0.043830043602	0.187896981060
-0.066449127830	0.986363671875	-0.150569652376	-0.150861811494
-0.054345880761	0.147101387427	0.987627311824	-0.080274534905
0.000000000000	0.000000000000	0.000000000000	1.000000000000
3	6	66
0.962091375100	0.019427086909	-0.272034509303	0.029220087559
-0.025250655213	0.999520470792	-0.017922970712	0.034998016198
0.271555869701	0.024112585139	0.962120570858	-0.015521597304
0.000000000000	0.000000000000	0.000000000000	1.000000000000
3	7	66
0.946994134362	0.206750831313	-0.245878431823	-0.163485194191
-0.228631966068	0.971424557497	-0.063731885135	0.028057520146
0.225675726599	0.116569390676	0.967203206974	0.192966585053
0.000000000000	0.000000000000	0.000000000000	1.000000000000
3	38	66
0.619098110229	0.331444023510	-0.711942686731	0.635944531728
-0.200604860445	0.943240166825	0.264680331067	-0.363232493383
0.759259652475	-0.021043929462	0.650447486855	1.470064905097
0.000000000000	0.000000000000	0.000000000000	1.000000000000
3	39	66
0.922194717285	0.152998329631	-0.355173780763	0.468992787436
-0.076856766788	0.972600373937	0.219411827429	-0.483984684003
0.379011795081	-0.175042919728	0.908685883814	1.575718198461
0.000000000000	0.000000000000	0.000000000000	1.000000000000
3	43	66
-0.680120129426	0.501328916098	-0.534888705651	1.198891946210
-0.134348550049	0.632034241607	0.763205859867	-1.988813206243
0.720685143907	0.590933190234	-0.362506397228	4.248060186325
0.000000000000	0.000000000000	0.000000000000	1.000000000000
3	45	66
0.900591713772	-0.064394043439	-0.429869715443	0.598086297964
-0.001786986789	0.988408631925	-0.151806399778	-0.443690028317
0.434662365249	0.137483757240	0.890037552428	0.795016113044
0.000000000000	0.000000000000	0.000000000000	1.000000000000
3	46	66
0.910457208136	0.091544043516	-0.403345212256	0.349580520052
-0.091956567145	0.995593162004	0.018391452604	-0.250131910771
0.403251363187	0.020345610502	0.914863046702	0.756807542799
0.000000000000	0.000000000000	0.000000000000	1.000000000000
3	47	66
0.971526954731	0.098326314215	-0.215562780099	-0.016386577782
-0.030732077933	0.954431141364	0.296844632394	-0.056515819162
0.234927468843	-0.281767869581	0.930277352221	0.471191614676
0.000000000000	0.000000000000	0.000000000000	1.000000000000
3	48	66
0.980417731709	0.122807622339	-0.153945962098	-0.047140548142
-0.045993040526	0.902907315455	0.427367546641	0.041270344545
0.191482927631	-0.411918277810	0.890874638112	0.163739383167
0.000000000000	0.000000000000	0.000000000000	1.000000000000
4	5	66
0.980470856708	0.059663951180	-0.187395603141	0.121961855581
-0.074421198139	0.994571784458	-0.072721735598	-0.193719841324
0.182039513334	0.085247747714	0.979588912297	-0.015312005329
0.000000000000	0.000000000000	0.000000000000	1.000000000000
4	39	66
0.685824470917	-0.309694984611	0.658584703435	-0.576425426623
0.040570750933	0.919801264617	0.390281498123	-0.350927141006
-0.726635265632	-0.240945325987	0.643386773741	0.350357397208
0.000000000000	0.000000000000	0.000000000000	1.000000000000
4	40	66
0.987846900490	0.040264621187	-0.150124153533	0.024111956785
-0.006029271749	0.975062925027	0.221846659023	-0.340489673844
0.155313067948	-0.218245395182	0.963455654613	1.442567301351
0.000000000000	0.000000000000	0.000000000000	1.000000000000
4	41	66
0.952784453962	-0.145513979654	0.266509785962	0.157209234161
0.096440455951	0.977267084081	0.188807533820	-0.255389119957
-0.287925377041	-0.154190557741	0.945158319627	1.208254979961
0.000000000000	0.000000000000	0.000000000000	1.000000000000
4	42	66
0.923213336024	-0.137324266803	0.358913892088	-0.070877775501
0.213644649555	0.959744262795	-0.182337362459	-0.308835389936
-0.319426204159	0.245016317373	0.915387297442	1.203677471006
0.000000000000	0.000000000000	0.000000000000	1.000000000000
4	43	66
0.986088213590	-0.116136271140	0.118921829559	0.009939752426
0.115241971510	0.993233169180	0.014393041470	-0.173330109072
-0.119788659824	-0.000488022457	0.992799294325	1.145066422241
0.000000000000	0.000000000000	0.000000000000	1.000000000000
4	45	66
-0.841681219639	0.202088815839	0.500732298759	-0.974306958167
-0.539372671779	-0.358431849509	-0.761973575786	1.723151046440
0.025492066322	-0.911420166427	0.410686540788	2.397483756744
0.000000000000	0.000000000000	0.000000000000	1.000000000000
4	46	66
0.900820246993	0.134665399199	0.412780950223	0.011050455179
-0.063455627288	0.981311529023	-0.181661956316	0.043085775003
-0.429530285281	0.137451494229	0.892530571331	0.888335305812
0.000000000000	0.000000000000	0.000000000000	1.000000000000
4	47	66
-0.921106831915	-0.340417907235	-0.188885819038	0.622772231249
0.214478361809	-0.038814071647	-0.975957222504	2.543884469974
0.324901887523	-0.939472786341	0.108764181642	2.026539925676
0.000000000000	0.000000000000	0.000000000000	1.000000000000
4	48	66
-0.977695732477	0.210004228227	0.003046115991	0.219838971062
0.156500199916	0.718776696371	0.677397776923	-0.850968213724
0.140066920157	0.662765633449	-0.735610612346	6.028546822044
0.000000000000	0.000000000000	0.000000000000	1.000000000000
5	6	66
0.932007878628	-0.001022164692	-0.362436572872	-0.109764577508
0.051570164845	0.990195528463	0.129820389419	0.123582276486
0.358750375991	-0.139684539554	0.922922747111	0.118562590875
0.000000000000	0.000000000000	0.000000000000	1.000000000000
5	7	66
0.958183450223	0.085516297522	-0.273077715268	-0.400448981990
-0.057049476688	0.992232096310	0.110547836987	0.136670216250
0.280410115594	-0.090346167108	0.955619033486	0.268099203137
0.000000000000	0.000000000000	0.000000000000	1.000000000000
5	38	66
0.535093363682	0.299783007608	-0.789813421317	0.419702189466
-0.092410377296	0.950080162700	0.298006722428	0.084236862505
0.839723415365	-0.086474463246	0.536084650867	1.666145098159
0.000000000000	0.000000000000	0.000000000000	1.000000000000
5	39	66
0.914069778683	0.088924219485	-0.395687910969	0.173054333366
0.022068785690	0.963313656623	0.267469190116	0.022564421647
0.404956057365	-0.253217855121	0.878573451370	1.600795810264
0.000000000000	0.000000000000	0.000000000000	1.000000000000
5	43	66
0.864882411300	-0.238652118724	0.441614742566	0.132593395146
0.216873261531	0.971060995328	0.100032653596	0.152254777786
-0.452707856190	0.009257946910	0.891610838518	1.103569458733
0.000000000000	0.000000000000	0.000000000000	1.000000000000
5	45	66
0.838668510475	-0.135966691843	-0.527397561852	0.486478093039
0.136278433909	0.989922245918	-0.038498512795	-0.099387371630
0.527317094346	-0.039585423395	0.848745943298	1.082170526163
0.000000000000	0.000000000000	0.000000000000	1.000000000000
5	46	66
0.860268776763	0.094408098010	-0.501023694806	0.156077980002
-0.010940446050	0.985898192008	0.166988208074	-0.055018839023
0.509723393976	-0.138173318791	0.849170298354	0.966544829170
0.000000000000	0.000000000000	0.000000000000	1.000000000000
5	47	66
0.932168318369	0.084450997494	-0.352037292415	-0.106923428491
0.082417173179	0.897373280799	0.433507329204	0.116575262064
0.352518986430	-0.433115716560	0.829542729626	0.628267647465
0.000000000000	0.000000000000	0.000000000000	1.000000000000
5	48	66
0.954895126597	0.152749205049	-0.254642843132	-0.163644942047
0.019235264819	0.823927116067	0.566369236449	0.137294864816
0.296319594001	-0.545721346262	0.783825816394	0.276081929069
0.000000000000	0.000000000000	0.000000000000	1.000000000000
5	49	66
0.935919944816	0.088276280566	-0.340970900790	-0.413152311001
0.082963113113	0.885589611146	0.456999083690	0.068322951985
0.342302466773	-0.456002564599	0.821517304943	0.409129075209
0.000000000000	0.000000000000	0.000000000000	1.000000000000
6	7	66
0.977144879086	0.206482037882	0.050527747895	-0.185088775131
-0.206728750284	0.978398232215	-0.000350721093	-0.088743605475
-0.049508676824	-0.010102832856	0.998722595963	0.216884829612
0.000000000000	0.000000000000	0.000000000000	1.000000000000
6	35	66
-0.714270628612	0.256757985364	-0.651070507744	0.381128475937
0.181877616697	-0.830214670836	-0.526938452643	1.648767206067
-0.675823942789	-0.494791812059	0.546299424375	0.777124412987
0.000000000000	0.000000000000	0.000000000000	1.000000000000
6	36	66
0.599291461244	0.377903785991	-0.705718409150	1.045386582521
-0.198708902388	0.924196153416	0.326153709349	-0.415883530061
0.775476960710	-0.055228602589	0.628955709779	1.328581278573
0.000000000000	0.000000000000	0.000000000000	1.000000000000
6	37	66
0.634969374007	0.411558803747	-0.653783790814	1.134593256520
-0.231237628989	0.908733096922	0.347467002028	-0.439457093322
0.737118072640	-0.069451491106	0.672185567660	1.421921141111
0.000000000000	0.000000000000	0.000000000000	1.000000000000
6	38	66
0.767932637455	0.367935772756	-0.524311673966	0.987519261520
-0.222912638723	0.920904910366	0.319756315905	-0.449660920190
0.600490982304	-0.128675612259	0.789210470649	1.303905634413
0.000000000000	0.000000000000	0.000000000000	1.000000000000
6	39	66
-0.953919146944	0.243915353130	-0.174767163969	-0.250537379418
-0.064528498013	-0.735559921203	-0.674379474231	1.986996062528
-0.293043228959	-0.632026030182	0.717404183940	0.382864578274
0.000000000000	0.000000000000	0.000000000000	1.000000000000
6	44	66
0.997164797153	-0.065337211383	0.037328489484	0.939009117095
0.064192498872	0.997453312032	0.031083973445	-0.271724137893
-0.039264365613	-0.028599635055	0.998819488430	0.696253046849
0.000000000000	0.000000000000	0.000000000000	1.000000000000
6	45	66
0.977802164980	-0.108606939536	-0.179185543070	0.853481907924
0.077287582438	0.981823881248	-0.173345019578	-0.320433003787
0.194755117421	0.155648318001	0.968423484506	0.630418951363
0.000000000000	0.000000000000	0.000000000000	1.000000000000
6	46	66
0.983595005420	0.036169815315	-0.176727501460	0.601194786149
-0.039922740817	0.999045541993	-0.017725117477	-0.146221684337
0.175917708255	0.024489783256	0.984100203454	0.636573305032
0.000000000000	0.000000000000	0.000000000000	1.000000000000
6	47	66
0.999790056770	-0.011068046530	0.017243570696	0.127901674774
0.004680312082	0.942668024018	0.333699102744	-0.121474986171
-0.019948359911	-0.333548339584	0.942521919160	0.470446996742
0.000000000000	0.000000000000	0.000000000000	1.000000000000
6	48	66
0.998737055313	-0.002375228370	0.050186179711	0.071545746842
-0.020244626473	0.895178251920	0.445248304194	0.001847209170
-0.045983143028	-0.445701980677	0.893999605692	0.211217994720
0.000000000000	0.000000000000	0.000000000000	1.000000000000
6	49	66
0.999625006488	-0.000681886437	0.027374832129	-0.243218884978
-0.008953838944	0.936598426956	0.350290187404	-0.112365894858
-0.025878082838	-0.350403940695	0.936241103122	0.363736271337
0.000000000000	0.000000000000	0.000000000000	1.000000000000
7	37	66
0.639276898291	0.195542557657	-0.743698968304	1.275206493342
-0.094884842294	0.979796125463	0.176057999620	-0.024515272636
0.763100199197	-0.041984052595	0.644915052788	1.233551978579
0.000000000000	0.000000000000	0.000000000000	1.000000000000
7	38	66
0.806265087828	0.126428523576	-0.577886179603	1.116626950781
-0.021987428252	0.982624197313	0.184299321363	-0.067716629834
0.591145634466	-0.135887877613	0.795035422839	1.034468961747
0.000000000000	0.000000000000	0.000000000000	1.000000000000
7	39	66
-0.938014790467	0.307201252303	-0.160485648731	-0.301028594224
-0.142272562520	-0.763504342781	-0.629936216222	1.853127499449
-0.316048684255	-0.568056783374	0.759884675489	-0.034423779947
0.000000000000	0.000000000000	0.000000000000	1.000000000000
7	44	66
-0.841322420489	0.418958926249	-0.341540631403	-0.165486948833
-0.144136182095	-0.782864670336	-0.605266609810	2.320712714522
-0.520961942750	-0.459996006566	0.719028739446	-0.454426142844
0.000000000000	0.000000000000	0.000000000000	1.000000000000
7	45	66
0.926928193324	-0.317145027575	-0.200557113826	1.043502858316
0.274076532396	0.937272797827	-0.215410670219	-0.014201021313
0.256293150146	0.144702225064	0.955706590565	0.446064439719
0.000000000000	0.000000000000	0.000000000000	1.000000000000
7	46	66
0.971253967581	-0.128344860806	-0.200482735325	0.691201987641
0.134728630924	0.990710358742	0.018471087966	-0.069012730925
0.196249653422	-0.044950881927	0.979523094034	0.446265955543
0.000000000000	0.000000000000	0.000000000000	1.000000000000
7	47	66
0.975636356837	-0.199190815584	-0.091960416505	0.278653355953
0.218866289580	0.912716395097	0.345030910798	-0.017308183153
0.015206791320	-0.356751735956	0.934075453264	0.252551989450
0.000000000000	0.000000000000	0.000000000000	1.000000000000
7	48	66
0.989312320082	-0.142629632371	-0.030297216107	0.109477560524
0.138997147946	0.859712176106	0.491502560642	-0.016389129323
-0.044055943944	-0.490460765224	0.870348959659	-0.057192231494
0.000000000000	0.000000000000	0.000000000000	1.000000000000
7	49	66
0.978182788999	-0.185895561264	-0.092743040757	-0.081512671239
0.205870392176	0.927249865517	0.312769993006	0.047908772736
0.027853418673	-0.325039270246	0.945290251651	0.105075438544
0.000000000000	0.000000000000	0.000000000000	1.000000000000
8	37	66
0.732235452936	0.336193650922	-0.592287996286	1.663728537866
-0.241614565997	0.941333261227	0.235614288205	-0.154307783366
0.636752418890	-0.029419727874	0.770506869956	0.497939472899
0.000000000000	0.000000000000	0.000000000000	1.000000000000
8	38	66
0.832656059210	0.307087989431	-0.460847972555	1.542855684198
-0.175722021270	0.935674693637	0.305997776017	-0.335004317887
0.525172027341	-0.173809765070	0.833057325317	0.525408243102
0.000000000000	0.000000000000	0.000000000000	1.000000000000
8	39	66
0.986683353743	0.032406222141	-0.159391957803	1.616765935638
-0.007364467143	0.987847365674	0.155252525762	-0.194883779597
0.162486073463	-0.152011245960	0.974931206307	0.691215129046
0.000000000000	0.000000000000	0.000000000000	1.000000000000
8	44	66
0.984624256414	-0.093836947606	0.147342122102	1.343599586382
0.087811013968	0.995032590896	0.046897429369	-0.216236782875
-0.151010925126	-0.033238085378	0.987973142435	-0.095874165695
0.000000000000	0.000000000000	0.000000000000	1.000000000000
8	45	66
0.984958898881	-0.073126291134	-0.156551950036	1.414796215046
0.045090880195	0.983416533247	-0.175666543938	-0.239450925627
0.166801618812	0.165965260464	0.971922194561	-0.077831556838
0.000000000000	0.000000000000	0.000000000000	1.000000000000
8	46	66
0.996258968487	0.027062131056	-0.082071363894	1.036557865094
-0.025686787003	0.999512126245	0.017767905399	-0.113258641284
0.082512160814	-0.015593285461	0.996468059080	-0.070944643613
0.000000000000	0.000000000000	0.000000000000	1.000000000000
8	47	66
0.993678436410	-0.109132629248	0.026329341959	0.713513096127
0.097662577642	0.955989898176	0.276668277027	0.138923028627
-0.055364121439	-0.272347909517	0.960604721121	-0.213215018825
0.000000000000	0.000000000000	0.000000000000	1.000000000000
8	48	66
0.985135831597	-0.126141969115	0.116600158366	0.464632674061
0.071355644992	0.917958419255	0.390205987199	0.284793095017
-0.156255448645	-0.376085820187	0.913314672292	-0.493679549116
0.000000000000	0.000000000000	0.000000000000	1.000000000000
8	49	66
0.992483524756	-0.112390300480	0.048423893344	0.294004746862
0.094668689017	0.955849268729	0.278190608739	0.175494043083
-0.077551869149	-0.271515369415	0.959304493768	-0.310078128553
0.000000000000	0.000000000000	0.000000000000	1.000000000000
8	50	66
0.996596622741	0.024760769266	0.078626177874	0.038983645730
-0.020547947613	0.998332485600	-0.053944694322	-0.017553058088
-0.079830779720	0.052145493592	0.995443566511	0.048814996899
0.000000000000	0.000000000000	0.000000000000	1.000000000000
8	51	66
0.999317769637	0.015112359078	-0.033698841077	-0.259291633044
-0.016019889954	0.999511765228	-0.026825254838	-0.110542463766
0.033276995247	0.027346805560	0.999071966283	0.262491421197
0.000000000000	0.000000000000	0.000000000000	1.000000000000
9	10	66
0.998467367011	-0.055318359537	-0.001672158202	-0.413332071729
0.054273856405	0.972808447780	0.225162324642	-0.084510831892
-0.010828920804	-0.224907987909	0.974319830163	0.563803811729
0.000000000000	0.000000000000	0.000000000000	1.000000000000
9	51	66
0.997585319939	-0.031641048249	-0.061825346806	0.297369507746
0.040474868074	0.988261881569	0.147310008120	0.047459389888
0.056438590488	-0.149456674336	0.987156212562	-0.082054063731
0.000000000000	0.000000000000	0.000000000000	1.000000000000
9	52	66
0.987947353167	-0.127609831283	0.087611405257	-0.265719858677
0.112026727969	0.980043417287	0.164209964535	-0.005534315588
-0.106817786871	-0.152415980762	0.982527011953	0.245082903999
0.000000000000	0.000000000000	0.000000000000	1.000000000000
9	53	66
0.983549893359	-0.091730806174	0.155611909799	-0.550392180331
0.067241954266	0.985478396453	0.155919369262	-0.099351079248
-0.167654784779	-0.142890830089	0.975435330413	0.575213483053
0.000000000000	0.000000000000	0.000000000000	1.000000000000
10	11	66
0.987424763132	-0.030925637862	-0.155035293000	0.100634406975
0.017391563904	0.995977037564	-0.087904915396	-0.081952044656
0.157130107420	0.084103184057	0.983990235609	0.385867507307
0.000000000000	0.000000000000	0.000000000000	1.000000000000
10	51	66
0.998748169937	0.043504463543	-0.024687136325	0.640223999037
-0.045121078481	0.996580329156	-0.069222364996	0.210771794999
0.021591232590	0.070249620574	0.997295748253	-0.629850816781
0.000000000000	0.000000000000	0.000000000000	1.000000000000
10	52	66
0.994131973246	-0.065667833084	0.085961360317	0.152711288403
0.072168542459	0.994580884548	-0.074836926524	0.169934649632
-0.080581146982	0.080601487519	0.993483809109	-0.281279592175
0.000000000000	0.000000000000	0.000000000000	1.000000000000
10	53	66
0.988703671880	-0.050851597173	0.140993490190	-0.081655413503
0.061031874737	0.995758834873	-0.068843685539	-0.011223778321
-0.136894702152	0.076671101710	0.987613984655	0.047812043491
0.000000000000	0.000000000000	0.000000000000	1.000000000000
10	54	66
0.998774608043	-0.004501794191	-0.049285050253	-0.093529700791
-0.005595322154	0.979197456983	-0.202832523544	-0.209976827379
0.049172906151	0.202859739934	0.977972367306	0.367721210168
0.000000000000	0.000000000000	0.000000000000	1.000000000000
11	12	66
0.940924498962	0.045886884393	-0.335492892762	0.130106642142
-0.123411250506	0.969101120907	-0.213571254397	-0.129424502649
0.315326418972	0.242358022968	0.917513944418	0.166228104616
0.000000000000	0.000000000000	0.000000000000	1.000000000000
11	52	66
0.958143845856	-0.094889207153	0.270104440936	-0.118799791307
0.099936098056	0.994981486627	-0.004961610144	0.283384646812
-0.268278114934	0.031747120119	0.962818245263	-0.708742055385
0.000000000000	0.000000000000	0.000000000000	1.000000000000
11	53	66
0.940385415221	-0.020467045614	0.339494286968	-0.344873263172
0.019029293471	0.999790315096	0.007563850230	0.065348948408
-0.339577909808	-0.000652598021	0.940577704013	-0.311756885409
0.000000000000	0.000000000000	0.000000000000	1.000000000000
11	54	66
0.993443133907	0.054829224897	0.100321960661	-0.191803823899
-0.038932041932	0.987293894995	-0.154061873985	-0.021419754439
-0.107494352431	0.149145972129	0.982954954814	-0.008630865324
0.000000000000	0.000000000000	0.000000000000	1.000000000000
11	55	66
0.995687841637	0.041598406872	-0.082917396018	-0.221060414206
-0.049191616641	0.994566940244	-0.091743044562	-0.033302017648
0.078650536355	0.095426274783	0.992324502979	-0.043464933314
0.000000000000	0.000000000000	0.000000000000	1.000000000000
12	52	66
0.811161253785	-0.223766005470	0.540320455983	-0.494304408136
0.098104581749	0.962877242164	0.251481425881	0.170565772043
-0.576535264661	-0.150984076376	0.803001181371	-0.819113682543
0.000000000000	0.000000000000	0.000000000000	1.000000000000
12	54	66
0.896631663974	-0.061287525988	0.438515106145	-0.405819139996
0.015540406076	0.994119875365	0.107164215961	0.026269835348
-0.442504412337	-0.089272126456	0.892311791080	-0.077152327772
0.000000000000	0.000000000000	0.000000000000	1.000000000000
12	55	66
0.981281727954	-0.065154359757	0.181221079866	-0.249425464867
0.034435376099	0.985226852882	0.167756529629	-0.011255112577
-0.189473943475	-0.158376001227	0.969028723506	-0.088729547950
0.000000000000	0.000000000000	0.000000000000	1.000000000000
12	56	66
0.962033275903	0.066282159438	-0.264761499082	-0.277542430549
0.052374268612	0.907202445431	0.417421440503	0.059377293785
0.267859873896	-0.415440005710	0.869287460862	-0.061256747321
0.000000000000	0.000000000000	0.000000000000	1.000000000000
13	14	66
0.954020287458	0.010679325937	-0.299551736961	0.310757584013
-0.043819732612	0.993597319130	-0.104135481229	-0.064479978961
0.296521706040	0.112473638754	0.948379965221	0.122917924051
0.000000000000	0.000000000000	0.000000000000	1.000000000000
13	15	66
0.800140723173	0.213833841454	-0.560401562603	0.346935715902
-0.114179104822	0.971510869798	0.207677061532	-0.065599584465
0.588844593370	-0.102184725442	0.801760766529	0.288163244732
0.000000000000	0.000000000000	0.000000000000	1.000000000000
13	54	66
-0.755032251781	-0.128297299319	0.643013298275	-1.647449151602
-0.087215583681	-0.952305135327	-0.292418144433	1.378917267452
0.649861324233	-0.276865910177	0.707831566863	1.526281413259
0.000000000000	0.000000000000	0.000000000000	1.000000000000
13	55	66
0.741371557774	-0.085489564431	0.665627333947	-0.544465390823
0.129532374750	0.991430509316	-0.016938391005	-0.016189810074
-0.658475191041	0.098777930591	0.746092047413	0.028722824082
0.000000000000	0.000000000000	0.000000000000	1.000000000000
13	56	66
0.965775157695	-0.111458094452	0.234212377898	-0.542448344077
0.067476858291	0.979838907974	0.188049429713	0.113003573020
-0.250450031692	-0.165809552203	0.953824917909	0.045270402400
0.000000000000	0.000000000000	0.000000000000	1.000000000000
13	57	66
0.981345623944	0.020087033939	-0.191199574880	-0.408512134217
0.018565478744	0.979977052218	0.198243032982	0.043677145029
0.191353310308	-0.198094644538	0.961323266357	0.233802493909
0.000000000000	0.000000000000	0.000000000000	1.000000000000
14	15	66
0.923823257276	0.120433583057	-0.363381812130	0.247257917617
-0.008050293866	0.955127286826	0.296086235290	-0.011731608352
0.382734610512	-0.270606019947	0.883338326965	0.165145139514
0.000000000000	0.000000000000	0.000000000000	1.000000000000
14	18	66
0.487858322393	0.195254170155	-0.850805539656	0.704693802409
-0.027411024586	0.977608936714	0.208637011551	0.119154861928
0.872492345527	-0.078463850879	0.482286772680	0.353281010425
0.000000000000	0.000000000000	0.000000000000	1.000000000000
14	56	66
0.845086729566	-0.256948367620	0.468834678634	-0.765596018873
0.108769603482	0.941225886453	0.319785872154	0.094115845556
-0.523447793835	-0.219251834767	0.823365678226	0.145802528582
0.000000000000	0.000000000000	0.000000000000	1.000000000000
14	57	66
0.996954515889	-0.075312634549	0.020241055457	-0.498518277525
0.064659411436	0.943376333157	0.325361728775	0.049077136210
-0.043598781652	-0.323062070067	0.945372966148	0.263494558063
0.000000000000	0.000000000000	0.000000000000	1.000000000000
15	18	66
0.785287613770	0.157081170039	-0.598872999624	0.481875349378
-0.186043253148	0.982445532905	0.013736186955	0.011024710615
0.590517799577	0.100629423597	0.800726200077	0.074304529166
0.000000000000	0.000000000000	0.000000000000	1.000000000000
15	56	66
0.569354147338	-0.339092745549	0.748900503956	-0.920632046390
0.317715217691	0.930948475670	0.179977709993	-0.089682340516
-0.758216918406	0.135466031030	0.637774301050	0.416912971995
0.000000000000	0.000000000000	0.000000000000	1.000000000000
15	57	66
0.891224808255	-0.218538093189	0.397441118880	-0.680446093661
0.158667115426	0.971120122467	0.178186571384	-0.285258244133
-0.424903621582	-0.095743457031	0.900161153795	0.452947627962
0.000000000000	0.000000000000	0.000000000000	1.000000000000
15	62	66
0.200958585856	0.449653064966	-0.870303262051	0.846054941072
-0.273016033705	0.878934308278	0.391071255748	-0.961748004309
0.940785784390	0.159017618202	0.299391891993	2.442200475416
0.000000000000	0.000000000000	0.000000000000	1.000000000000
16	17	66
0.994275255166	-0.041304831645	-0.098542517968	0.151504363846
0.037543202804	0.998505017007	-0.039727055462	-0.234538561045
0.100036117917	0.035800026469	0.994339546240	-0.138530517237
0.000000000000	0.000000000000	0.000000000000	1.000000000000
16	61	66
0.728831304980	0.674372571002	-0.118433797372	-0.373156925599
-0.638382814176	0.731826377031	0.238532044902	-0.997695937803
0.247532445236	-0.098243520706	0.963885833071	1.474223145314
0.000000000000	0.000000000000	0.000000000000	1.000000000000
17	18	66
0.938825299930	0.138449826415	-0.315339026726	0.129748368140
-0.019509788414	0.935545322778	0.352667431420	0.072655850809
0.343840696205	-0.324940909389	0.881014745075	0.172507972896
0.000000000000	0.000000000000	0.000000000000	1.000000000000
17	19	66
0.868240738336	0.199152665735	-0.454418569190	-0.179065001360
-0.045357574555	0.943927902587	0.327021108107	0.110501600856
0.494065492344	-0.263321724223	0.828589740962	-0.039542983876
0.000000000000	0.000000000000	0.000000000000	1.000000000000
17	64	66
0.209792075219	0.485594635398	-0.848637222403	0.774716768058
0.086415976727	0.855347116867	0.510797013140	0.084673013504
0.973919690807	-0.180496979864	0.137481911968	2.251476674678
0.000000000000	0.000000000000	0.000000000000	1.000000000000
18	19	66
0.975821913208	0.053620966432	-0.211887672276	-0.199269522317
-0.056565692206	0.998367971218	-0.007855985676	-0.007453161126
0.211120619952	0.019651615825	0.977262450843	-0.060728255292
0.000000000000	0.000000000000	0.000000000000	1.000000000000
18	20	66
0.947281282009	0.085748649251	-0.308715632755	-0.561768180586
-0.069452198309	0.995567518137	0.063416945529	0.035312192628
0.312785173731	-0.038632706114	0.949037907100	-0.203005958688
0.000000000000	0.000000000000	0.000000000000	1.000000000000
18	62	66
0.759659806936	0.230378965576	-0.608146783225	1.928477976607
-0.161453015193	0.972682933496	0.166795787628	-0.489411861887
0.629960238119	-0.028520923996	0.776103508099	1.637308169379
0.000000000000	0.000000000000	0.000000000000	1.000000000000
18	63	66
0.599629159209	0.354066797073	-0.717691838213	1.910567995692
-0.238308908797	0.935118402919	0.262225926465	-0.557812150760
0.763972339430	0.013794047008	0.645101533755	1.613589341958
0.000000000000	0.000000000000	0.000000000000	1.000000000000
18	64	66
0.495996428108	0.356980970083	-0.791550459732	1.351526795354
-0.249322970051	0.931747336800	0.263979084345	-0.495999011152
0.831760542409	0.066419028635	0.551146906665	1.683104627697
0.000000000000	0.000000000000	0.000000000000	1.000000000000
19	20	66
0.990662732720	0.028504729005	-0.133322280297	-0.323487074428
-0.023218734656	0.998887825885	0.041036589282	0.088558719577
0.134343739565	-0.037557845030	0.990222787011	-0.090675933055
0.000000000000	0.000000000000	0.000000000000	1.000000000000
19	21	66
0.993920329498	0.009320846738	-0.109706428378	-0.649575910328
0.005533700994	0.990921913241	0.134324755770	0.084820766478
0.109962524365	-0.134115188087	0.984845855736	-0.277591960077
0.000000000000	0.000000000000	0.000000000000	1.000000000000
19	64	66
0.671116052509	0.280119286498	-0.686393785954	1.946939347827
-0.145864131277	0.957662172965	0.248207207143	-0.387652301362
0.726860990336	-0.066455607760	0.683561813537	1.431881525466
0.000000000000	0.000000000000	0.000000000000	1.000000000000
19	65	66
0.733780125552	0.196847637853	-0.650244365463	1.182224290863
-0.111693730276	0.979034779453	0.170339106602	-0.392199470652
0.670142699701	-0.052363232259	0.740382910355	1.556359863498
0.000000000000	0.000000000000	0.000000000000	1.000000000000
20	21	66
0.998717858286	-0.039682775905	0.031431144375	-0.379188821908
0.036507951353	0.994726958917	0.095840736072	0.019309216164
-0.035068633112	-0.094570367977	0.994900314842	-0.154166139404
0.000000000000	0.000000000000	0.000000000000	1.000000000000
20	22	66
0.993457488011	-0.072807353700	0.087984707551	-1.013509820068
0.074581826622	0.997069174637	-0.017047349561	0.014944934725
-0.086485667330	0.023497877276	0.995975943038	-0.061404908531
0.000000000000	0.000000000000	0.000000000000	1.000000000000
20	23	66
0.995955827705	-0.068375602029	0.058281783676	-1.331933207537
0.082548264560	0.952482693070	-0.293193627866	-0.084165772119
-0.035465099456	0.296818962417	0.954274976236	0.009665985721
0.000000000000	0.000000000000	0.000000000000	1.000000000000
20	34	66
0.413111288868	-0.419389847987	0.808363296059	-2.205255406787
0.324493809235	0.897174802196	0.299635014762	-0.301978092135
-0.850907063537	0.138526278046	0.506722448203	1.008283766459
0.000000000000	0.000000000000	0.000000000000	1.000000000000
20	64	66
0.770255278472	0.223943254695	-0.597123291006	2.482962527878
-0.139635357350	0.972820538643	0.184721862736	-0.412415357137
0.622261016747	-0.058903465700	0.780590551291	1.175417896812
0.000000000000	0.000000000000	0.000000000000	1.000000000000
20	65	66
0.806414179108	0.171107569442	-0.566055095741	1.756248868748
