0	1	60
0.996343431385	-0.003245953454	0.085376990589	0.038369034055
0.012351090630	0.994253567564	-0.106335760434	-0.050244466514
-0.084541216552	0.107001435379	0.990658102239	-0.056299033144
0.000000000000	0.000000000000	0.000000000000	1.000000000000
0	2	60
0.943937827807	-0.150846813835	0.293643688833	0.074568717747
0.145111495193	0.988550685718	0.041354512812	-0.065593127755
-0.296519866448	0.003574985747	0.955019993654	-0.182623235403
0.000000000000	0.000000000000	0.000000000000	1.000000000000
1	2	60
0.977334927005	-0.106931822816	0.182707486780	0.121544138802
0.086504540684	0.989433966947	0.116350287891	0.039289967590
-0.193218541805	-0.097908172900	0.976258462080	-0.160646330427
0.000000000000	0.000000000000	0.000000000000	1.000000000000
1	34	60
0.335315492565	-0.424670680727	0.840962741967	-2.326492360234
0.191637536522	0.904724685056	0.380458011936	-0.822080750182
-0.922409114787	0.033586562505	0.384751046492	1.636204251272
0.000000000000	0.000000000000	0.000000000000	1.000000000000
1	37	60
0.099613896228	-0.673261432462	0.732663712243	-1.622396434976
0.227872560898	0.732192956542	0.641846999199	-0.920805348107
-0.968582039720	0.103017076013	0.226354399961	2.074464699500
0.000000000000	0.000000000000	0.000000000000	1.000000000000
1	38	60
-0.349651758258	-0.511325940638	0.785041037384	-1.608259755623
0.128283454590	0.803909391160	0.580752138251	-0.938976168450
-0.928055495768	0.303768782522	-0.215493674013	2.309553226403
0.000000000000	0.000000000000	0.000000000000	1.000000000000
1	50	60
0.200567609517	0.313722109097	-0.928090013025	1.404243171638
-0.276310652368	0.926994965931	0.253639028005	0.044295866340
0.939906940819	0.205569383428	0.272609924978	0.339342353795
0.000000000000	0.000000000000	0.000000000000	1.000000000000
2	34	60
0.617548554119	-0.291411750045	0.730556620147	-2.745201924524
0.259505872841	0.952310498437	0.160503634001	-0.551449520421
-0.742489383942	0.090464946263	0.663721031934	0.939662553847
0.000000000000	0.000000000000	0.000000000000	1.000000000000
2	36	60
0.552478685643	-0.365423935018	0.749154623310	-2.505641199684
0.249706242792	0.930058382401	0.269514744749	-0.606343332232
-0.795244675695	0.038167434317	0.605086070519	1.347429011349
0.000000000000	0.000000000000	0.000000000000	1.000000000000
2	37	60
0.344441893880	-0.602204990526	0.720214503552	-2.210978315762
0.346474474671	0.794543665346	0.498653990518	-0.937968943405
-0.872533793123	0.077778616884	0.482322782598	1.649183249036
0.000000000000	0.000000000000	0.000000000000	1.000000000000
2	38	60
-0.080185979103	-0.493784925746	0.865879123124	-2.240365108715
0.312065657442	0.812570850672	0.492284103018	-0.968546070992
-0.946670604910	0.309685420620	0.088936528236	1.746057610976
0.000000000000	0.000000000000	0.000000000000	1.000000000000
3	4	60
0.715918206495	0.154993939856	-0.680762807604	0.119684938246
-0.104970072722	0.987859315897	0.114521857429	-0.004454834338
0.690248075290	-0.010528561355	0.723496194844	0.228695695864
0.000000000000	0.000000000000	0.000000000000	1.000000000000
3	6	60
0.668985850221	0.124430038366	-0.732785847132	0.295667686803
-0.122558262443	0.990859496099	0.056364273239	-0.025081893493
0.733101223919	0.052102058913	0.678120911745	0.374990982675
0.000000000000	0.000000000000	0.000000000000	1.000000000000
3	31	60
-0.179107140412	-0.479802270915	0.858900700359	-2.864287519520
0.100956225139	0.859445873565	0.501159287071	-0.319269448987
-0.978636026753	0.176472579276	-0.105493866668	2.342054733118
0.000000000000	0.000000000000	0.000000000000	1.000000000000
3	47	60
-0.963572634396	0.030127757613	0.265744419441	-1.554927185134
-0.154306057275	-0.874200256950	-0.460394995018	2.641561191109
0.218443170942	-0.484629991819	0.847004340071	0.570472491959
0.000000000000	0.000000000000	0.000000000000	1.000000000000
4	6	60
0.996184206605	0.021242335300	-0.084650987596	0.202996756452
-0.025073989962	0.998696406893	-0.044461015352	-0.031178931121
0.083596181356	0.046413899317	0.995418217843	-0.064261987019
0.000000000000	0.000000000000	0.000000000000	1.000000000000
4	7	60
-0.923947124443	-0.275876243711	-0.264979262189	0.033141040203
-0.366189810170	0.437665794915	0.821190401119	-1.184944393147
-0.110574563810	0.855769215453	-0.505403121993	2.098117676557
0.000000000000	0.000000000000	0.000000000000	1.000000000000
6	7	60
0.997807977714	-0.000799634062	0.066170992101	0.375714647613
-0.004653637875	0.996603617963	0.082216618255	-0.076885385539
-0.066011993340	-0.082344333431	0.994415319415	0.517680834571
0.000000000000	0.000000000000	0.000000000000	1.000000000000
8	9	60
0.971947100589	0.125865523739	-0.198687452020	0.277968339868
-0.103257050380	0.987346590366	0.120352366155	-0.148767840771
0.211321591900	-0.096460253090	0.972645158509	0.568677923147
0.000000000000	0.000000000000	0.000000000000	1.000000000000
8	10	60
0.643372630638	0.292760929345	-0.707363199775	0.620514745959
-0.240731618820	0.954485427702	0.176084797770	-0.160195933882
0.726718615316	0.056996548619	0.684566612974	0.651873723607
0.000000000000	0.000000000000	0.000000000000	1.000000000000
8	24	60
-0.591121302020	-0.195558968216	0.782516642794	-2.143375897496
0.176828400214	0.915141498799	0.362281318942	-0.566126983832
-0.786960814257	0.352523371037	-0.506379254805	2.597681227021
0.000000000000	0.000000000000	0.000000000000	1.000000000000
8	26	60
0.019291564986	-0.355130485674	0.934617661756	-1.998333452942
0.231663394973	0.910939683287	0.341351673268	-0.685168100982
-0.972604702307	0.209931492536	0.099844186068	2.453835557073
0.000000000000	0.000000000000	0.000000000000	1.000000000000
8	28	60
0.081728566369	-0.237776725107	0.967875338273	-1.952386642750
0.192243712875	0.956647991813	0.218785224867	-0.569316973075
-0.977938032955	0.168186945859	0.123896549361	2.824702831200
0.000000000000	0.000000000000	0.000000000000	1.000000000000
8	29	60
-0.473050923110	-0.377735858047	0.795951283491	-2.025871237781
0.207708840326	0.830146951289	0.517409969865	-0.583646532564
-0.856200830293	0.410087381921	-0.314242704600	2.882575430959
0.000000000000	0.000000000000	0.000000000000	1.000000000000
9	10	60
0.859032767714	0.157781905940	-0.486998536087	0.322298690363
-0.155337899091	0.986803415923	0.045707279829	-0.044615047699
0.487783600687	0.036385278359	0.872205979353	0.012029255060
0.000000000000	0.000000000000	0.000000000000	1.000000000000
9	29	60
-0.843584669843	-0.299839646681	0.445489720515	-1.199871682013
0.211106553905	0.577628130572	0.788530129843	-1.328669029573
-0.493759989979	0.759237728942	-0.423980121286	2.810734742346
0.000000000000	0.000000000000	0.000000000000	1.000000000000
10	11	60
0.894213009858	0.150014869793	-0.421756602606	0.141953093869
-0.144201893039	0.988485203690	0.045856473149	-0.228483359614
0.423779314084	0.019812645621	0.905548757400	0.636993513357
0.000000000000	0.000000000000	0.000000000000	1.000000000000
11	12	60
0.995942923571	0.021079130474	-0.087483502712	0.145254158422
-0.005534150167	0.984684683029	0.174256845462	-0.280566797791
0.089816847920	-0.173065725281	0.980806397085	0.847266024377
0.000000000000	0.000000000000	0.000000000000	1.000000000000
11	15	60
0.328616456435	0.415503271845	-0.848155796801	1.346391259505
-0.286574693630	0.899558001880	0.329651856093	-0.731670588435
0.899936758629	0.134730962812	0.414682285766	2.239367337421
0.000000000000	0.000000000000	0.000000000000	1.000000000000
11	17	60
0.346606285129	0.607957120459	-0.714319412303	1.075341771993
-0.291668866977	0.793628472206	0.533931756070	-1.085019683615
0.891511836795	0.023280631162	0.452398781019	2.153487210917
0.000000000000	0.000000000000	0.000000000000	1.000000000000
12	13	60
0.975424768227	0.125757219995	-0.180918885551	0.555954298987
-0.109996473808	0.989410677567	0.094695759494	-0.207218765064
0.190911752597	-0.072468149800	0.978928531602	0.427433257035
0.000000000000	0.000000000000	0.000000000000	1.000000000000
12	14	60
0.836984011563	0.269041154441	-0.476523474349	0.998746390965
-0.278618821085	0.958989689900	0.052060802950	-0.449431618074
0.470987597423	0.089194348945	0.877618966973	0.785610261314
0.000000000000	0.000000000000	0.000000000000	1.000000000000
12	15	60
0.444910944220	0.407401790327	-0.797545003716	1.315960531543
-0.412836948516	0.883574705534	0.221046134735	-0.636305437373
0.794745182844	0.230910201116	0.561302568466	1.150234239178
0.000000000000	0.000000000000	0.000000000000	1.000000000000
12	16	60
0.645700862379	0.349330442722	-0.678998260757	1.122158954282
-0.325812729333	0.930250685593	0.168759377099	-0.949650478598
0.690591385501	0.112258201222	0.714479974898	1.167059915355
0.000000000000	0.000000000000	0.000000000000	1.000000000000
12	17	60
0.508703842237	0.561754150135	-0.652420627892	1.016492293568
-0.384180769533	0.826282107478	0.411901705730	-0.938328911238
0.770470984018	0.041111478554	0.636148024533	0.987891942659
0.000000000000	0.000000000000	0.000000000000	1.000000000000
12	18	60
0.670241952213	0.519693630067	-0.529805866673	0.921819218462
-0.366258235071	0.852522446875	0.372908008519	-0.937670026576
0.645469310453	-0.055892829968	0.761738380825	1.208125792482
0.000000000000	0.000000000000	0.000000000000	1.000000000000
12	21	60
0.123990144071	0.676755589304	-0.725691612545	0.560678602287
-0.517253753036	0.668193498376	0.534757892601	-1.145720811888
0.846802810071	0.309062001989	0.432903776586	1.801775960108
0.000000000000	0.000000000000	0.000000000000	1.000000000000
13	14	60
0.941961654326	0.154074284337	-0.298277315071	0.514161519975
-0.188974736076	0.977685070530	-0.091763020813	-0.160937246455
0.277482956062	0.142804123784	0.950057993664	0.251496967658
0.000000000000	0.000000000000	0.000000000000	1.000000000000
13	15	60
0.636504042095	0.350902142208	-0.686826245124	0.895080480753
-0.415458699656	0.906262124453	0.077993786053	-0.399521675359
0.649812798641	0.235704578608	0.722624853120	0.528893601877
0.000000000000	0.000000000000	0.000000000000	1.000000000000
13	16	60
0.820464327019	0.251634512636	-0.513340394026	0.739814813444
-0.263242195591	0.963354667361	0.051491080141	-0.761625201650
0.507485797387	0.092886257993	0.856638960430	0.524179176678
0.000000000000	0.000000000000	0.000000000000	1.000000000000
13	17	60
0.703667450865	0.419720315179	-0.573312284553	0.683740242186
-0.359345194508	0.906303545604	0.222452049686	-0.636294569092
0.612962600635	0.049484747664	0.788560783942	0.400394140637
0.000000000000	0.000000000000	0.000000000000	1.000000000000
13	18	60
0.832861109720	0.379773331215	-0.402634559885	0.586593664296
-0.288900331012	0.918784876219	0.269018493738	-0.765023210699
0.472100593791	-0.107733783602	0.874936832699	0.624721913648
0.000000000000	0.000000000000	0.000000000000	1.000000000000
14	15	60
0.857841110815	0.221841674655	-0.463567578657	0.517688781180
-0.216002975527	0.974128601517	0.066454362305	-0.106970513693
0.466316784127	0.043124692370	0.883566023424	0.177398011449
0.000000000000	0.000000000000	0.000000000000	1.000000000000
14	16	60
0.970413288418	0.089536548248	-0.224234823766	0.327903340067
-0.067513712523	0.992279142991	0.104038459268	-0.540537350084
0.231818783284	-0.085821377951	0.968965810957	0.234020077472
0.000000000000	0.000000000000	0.000000000000	1.000000000000
14	17	60
0.890237524021	0.254093082363	-0.378039490425	0.316591651021
-0.155169446330	0.949482444740	0.272773770836	-0.467359648320
0.428251787797	-0.184173267947	0.884692383613	0.162179339880
0.000000000000	0.000000000000	0.000000000000	1.000000000000
14	18	60
0.969424287773	0.175463115606	-0.171549541933	0.255083111058
-0.118309625421	0.946669399301	0.299699651251	-0.475523611434
0.214986936366	-0.270240158913	0.938483283656	0.395218476845
0.000000000000	0.000000000000	0.000000000000	1.000000000000
14	20	60
0.990458518736	0.079211505707	-0.112771716431	0.346882278904
-0.069925590198	0.994005193235	0.084048127027	-0.753954826250
0.118753250476	-0.075360554568	0.990059822595	0.902459368113
0.000000000000	0.000000000000	0.000000000000	1.000000000000
14	21	60
0.702808541804	0.510829363400	-0.495089401074	0.232773117457
-0.359634485307	0.855608058678	0.372287371400	-0.705675985010
0.613777802259	-0.083595522689	0.785040507261	1.013512694056
0.000000000000	0.000000000000	0.000000000000	1.000000000000
15	16	60
0.957247967658	-0.165061574943	0.237552109847	-0.034146691657
0.157225334968	0.986208537191	0.051700243860	-0.366160902044
-0.242809642436	-0.012140743319	0.969997979324	0.111184844864
0.000000000000	0.000000000000	0.000000000000	1.000000000000
15	17	60
0.999303231964	-0.036723726657	0.006664719494	-0.021828069847
0.034350673067	0.974762040060	0.220587843087	-0.388577830221
-0.014597323224	-0.220205206928	0.975344341757	0.050266033834
0.000000000000	0.000000000000	0.000000000000	1.000000000000
15	18	60
0.964609119804	-0.176388200948	0.196001144278	0.041087503808
0.110326545151	0.945108053499	0.307569212775	-0.421094674039
-0.239493840061	-0.275059938520	0.931120148420	0.275436495509
0.000000000000	0.000000000000	0.000000000000	1.000000000000
15	21	60
0.955297250127	0.241662397892	-0.170312798533	0.316950329915
-0.188872522805	0.942039022072	0.277289832166	-0.610044791631
0.227451827929	-0.232726806232	0.945570674055	0.851432074975
0.000000000000	0.000000000000	0.000000000000	1.000000000000
16	17	60
0.975086381137	0.147545615787	-0.165640697241	-0.063230334511
-0.118085743852	0.977378115585	0.175464458723	0.031972342567
0.187782604145	-0.151533199129	0.970451123521	-0.046251384286
0.000000000000	0.000000000000	0.000000000000	1.000000000000
16	18	60
0.997403850388	0.034641990997	0.063130750760	-0.095229098236
-0.046405509123	0.979578534889	0.195633388531	0.035154630482
-0.055064398251	-0.198055109615	0.978642981685	0.170677267443
0.000000000000	0.000000000000	0.000000000000	1.000000000000
16	19	60
0.945651906109	-0.125568764338	0.299958260256	0.246253817355
0.069506094006	0.979169923310	0.190775166572	-0.419770513647
-0.317665508624	-0.159557972872	0.934681698721	0.768437939994
0.000000000000	0.000000000000	0.000000000000	1.000000000000
16	20	60
0.992811073680	-0.007962338724	0.119426852674	0.191863806360
-0.000153218141	0.997699491272	0.067791604489	-0.372522619563
-0.119691889875	-0.067322553999	0.990525883166	0.626352292019
0.000000000000	0.000000000000	0.000000000000	1.000000000000
16	21	60
0.834870907472	0.438288222240	-0.333007510579	0.099002490796
-0.356077666471	0.891372256092	0.280471382693	-0.293639172936
0.419760959710	-0.115580860504	0.900245411756	0.775802326827
0.000000000000	0.000000000000	0.000000000000	1.000000000000
17	18	60
0.982853354871	-0.113825175343	0.145062442680	0.167627977847
0.103340803883	0.991591402014	0.077892038781	-0.090930050042
-0.152708745889	-0.061565582194	0.986351721253	0.202513461316
0.000000000000	0.000000000000	0.000000000000	1.000000000000
17	21	60
0.942707853688	0.284774365814	-0.173797189764	0.329203816120
-0.271523336065	0.957603572559	0.096283310053	-0.431709747270
0.193847828378	-0.043577039802	0.980063294403	0.709117277209
0.000000000000	0.000000000000	0.000000000000	1.000000000000
17	22	60
0.602340329257	0.664546968119	-0.442225570172	0.303716031665
-0.598075084861	0.742626166478	0.301351239802	-0.272688022581
0.528670332645	0.082968090404	0.844762673983	0.747492234946
0.000000000000	0.000000000000	0.000000000000	1.000000000000
18	19	60
0.956156820858	-0.200315112664	0.213630497742	0.382714770981
0.206391457702	0.978449263611	-0.006293228664	-0.510344328076
-0.207765974392	0.050108823351	0.976894265367	0.477173699831
0.000000000000	0.000000000000	0.000000000000	1.000000000000
18	20	60
0.996893653937	-0.029318325302	0.073099100821	0.280673593985
0.041941524519	0.983201112216	-0.177641440709	-0.419010407334
-0.066662967684	0.180155512649	0.981376604572	0.372601335438
0.000000000000	0.000000000000	0.000000000000	1.000000000000
18	21	60
0.842022753349	0.395219617578	-0.367150019370	0.119072092313
-0.403035919328	0.913293672112	0.058793845018	-0.396850900832
0.358552270351	0.098468890326	0.928301754315	0.534525130218
0.000000000000	0.000000000000	0.000000000000	1.000000000000
19	20	60
0.964966877036	0.156470014623	-0.210608786018	-0.015151799854
-0.180965074574	0.978139388002	-0.102445006822	0.068058001992
0.189975177348	0.136968872969	0.972187718411	-0.121920372501
0.000000000000	0.000000000000	0.000000000000	1.000000000000
20	21	60
0.785331569640	0.446416923823	-0.428912876760	-0.143099134610
-0.353123975162	0.892086924580	0.281929737984	0.006972763650
0.508485775507	-0.069948903619	0.858224543456	0.156360674747
0.000000000000	0.000000000000	0.000000000000	1.000000000000
21	22	60
0.848776972046	0.404477721156	-0.340551647790	-0.077216488775
-0.384257219685	0.914282047454	0.128197998513	0.146683339489
0.363213492101	0.022047920339	0.931445032390	0.043361991961
0.000000000000	0.000000000000	0.000000000000	1.000000000000
22	23	60
0.977883341817	-0.031366542801	-0.206785661470	-0.133134360801
-0.064004502150	0.896378862718	-0.438643771388	-0.097211081274
0.199117034685	0.442177650346	0.874546357853	-0.142750584197
0.000000000000	0.000000000000	0.000000000000	1.000000000000
23	31	60
0.993126944285	0.079266992191	-0.086113973800	-0.861770320122
-0.066683879874	0.987864677302	0.140273445473	-0.333671475092
0.096188007046	-0.133566924382	0.986360858921	0.727131560845
0.000000000000	0.000000000000	0.000000000000	1.000000000000
23	32	60
0.955924723356	-0.117357934636	0.269137582762	-0.847568667316
0.035324355151	0.955954793629	0.291380545800	-0.519669890985
-0.291479181435	-0.269030756077	0.917966415003	0.685964805011
0.000000000000	0.000000000000	0.000000000000	1.000000000000
23	42	60
-0.993430457840	-0.089864230788	0.070854396201	1.261789944620
-0.064273319845	-0.074128203640	-0.995175336200	3.277060187960
0.094682975198	-0.993191537142	0.067865342833	0.957260254772
0.000000000000	0.000000000000	0.000000000000	1.000000000000
24	25	60
0.831014185393	0.125776574591	-0.541844698193	0.020010828768
-0.141753335277	0.989824831738	0.012361003737	-0.074048905636
0.537886061925	0.066536123719	0.840387725176	0.125038260566
0.000000000000	0.000000000000	0.000000000000	1.000000000000
24	26	60
0.788331925129	0.261060113563	-0.557117934489	0.014744430560
-0.232449359150	0.964778451826	0.123165881325	-0.021089080157
0.569649077286	0.032406110507	0.821248910348	0.096160010654
0.000000000000	0.000000000000	0.000000000000	1.000000000000
24	28	60
0.636301213634	0.230963213094	-0.736054861899	0.034802117564
-0.224683322100	0.968249746085	0.109589388064	-0.007242570189
0.737996050327	0.095647390993	0.667992070535	0.119394632794
0.000000000000	0.000000000000	0.000000000000	1.000000000000
24	29	60
0.956983715742	0.120701875060	-0.263843182899	0.078989264868
-0.071161425006	0.979228105324	0.189864081212	0.121198218182
0.281279610702	-0.162921377051	0.945694668222	0.042525704968
0.000000000000	0.000000000000	0.000000000000	1.000000000000
24	30	60
0.993962191900	-0.019068264410	-0.108053516209	-0.086111181578
0.013635800225	0.998616089991	-0.050793402761	-0.231913043253
0.108872521900	0.049013325782	0.992846648718	0.423550962973
0.000000000000	0.000000000000	0.000000000000	1.000000000000
24	31	60
0.929618240355	-0.106801026107	0.352708758073	-0.342711711389
0.032189800511	0.976959273399	0.210984347433	-0.322730721059
-0.367115436807	-0.184781273243	0.911637064361	0.936157229261
0.000000000000	0.000000000000	0.000000000000	1.000000000000
25	26	60
0.998364759723	0.039070891595	-0.041728551050	0.015232927505
-0.036561797966	0.997571160377	0.059287561204	0.126717370926
0.043943616969	-0.057664940943	0.997368393881	0.004596562361
0.000000000000	0.000000000000	0.000000000000	1.000000000000
25	27	60
0.900731684040	0.185540065774	-0.392756053243	-0.008768738176
-0.191580927821	0.981179655974	0.024150171795	0.054145461733
0.389845073666	0.053491744177	0.919325541820	0.043169305300
0.000000000000	0.000000000000	0.000000000000	1.000000000000
25	28	60
0.961874933959	0.068788000628	-0.264697605565	-0.008288099579
-0.054498310086	0.996651043329	0.060964186454	0.021017262812
0.268004749249	-0.044214350632	0.962402486270	-0.020438913351
0.000000000000	0.000000000000	0.000000000000	1.000000000000
25	29	60
0.956111020286	-0.162753558946	0.243645225558	0.034156715370
0.108813050942	0.969301974423	0.220484471843	0.216997702668
-0.272050430677	-0.184295852991	0.944470011032	-0.095026931715
0.000000000000	0.000000000000	0.000000000000	1.000000000000
26	27	60
0.923911672257	0.069885355758	-0.376169189220	0.038028445995
-0.110130819665	0.990142190570	-0.086542735179	-0.033850247342
0.366412915204	0.121385664323	0.922500458574	0.045818289518
0.000000000000	0.000000000000	0.000000000000	1.000000000000
26	28	60
0.976467986371	0.033030246362	-0.213117982392	-0.034024403504
-0.053239535466	0.994536281175	-0.089794973630	0.067666959387
0.208987615558	0.099028219468	0.972891354824	-0.019575800716
0.000000000000	0.000000000000	0.000000000000	1.000000000000
26	29	60
0.934738300614	-0.195420481636	0.296774568861	-0.038938045091
0.158023776437	0.976671679540	0.145399162532	0.140496833691
-0.318265290986	-0.089012727974	0.943813508492	-0.067981277941
0.000000000000	0.000000000000	0.000000000000	1.000000000000
27	28	60
0.986053971265	-0.101628821382	0.131792065073	-0.011496149817
0.099490706704	0.994778951762	0.022725237307	0.032898443207
-0.133413511427	-0.009296224803	0.991016859177	-0.046166502379
0.000000000000	0.000000000000	0.000000000000	1.000000000000
28	29	60
0.844794422006	-0.261051086265	0.467091762834	0.026333175655
0.155868269661	0.955119706806	0.251895669243	0.038981941885
-0.511886185651	-0.139995271458	0.847569381767	-0.059813799372
0.000000000000	0.000000000000	0.000000000000	1.000000000000
29	30	60
0.981514652407	-0.027724036604	0.189368331314	-0.021414235890
0.092215171931	0.935530902017	-0.340996031409	-0.194408638261
-0.167706139351	0.352155234470	0.920793864912	0.342748048925
0.000000000000	0.000000000000	0.000000000000	1.000000000000
29	31	60
0.811374566385	-0.213714718914	0.544056368351	-0.050706194460
0.206342737200	0.975563366946	0.075490342943	-0.593071327923
-0.546894859940	0.051011135965	0.835645783917	0.807986998587
0.000000000000	0.000000000000	0.000000000000	1.000000000000
30	31	60
0.899999794846	-0.138281673275	0.413374585712	-0.143733381946
0.016369456653	0.958398725057	0.284963023388	-0.124522274873
-0.435582839613	-0.249699945226	0.864822251788	0.564212270722
0.000000000000	0.000000000000	0.000000000000	1.000000000000
30	32	60
0.686760327730	-0.352746237412	0.635555146504	-0.059345774482
0.039448048657	0.891154057698	0.451982628987	-0.334945702762
-0.725812719449	-0.285332328068	0.625924403459	0.529839106719
0.000000000000	0.000000000000	0.000000000000	1.000000000000
31	32	60
0.918779556582	-0.209852695095	0.334374001334	0.027317922750
0.149650570692	0.968935300633	0.196898679220	-0.195890778332
-0.365306492001	-0.130867221061	0.921642521455	-0.060371501892
0.000000000000	0.000000000000	0.000000000000	1.000000000000
31	33	60
0.975365751976	-0.091341436379	0.200794401995	0.052445084402
0.115130520824	0.987222973031	-0.110162446845	-0.366865628921
-0.188166450375	0.130566241887	0.973419664601	0.428497563238
0.000000000000	0.000000000000	0.000000000000	1.000000000000
31	47	60
0.078788730130	-0.316961444794	0.945160186698	-2.210025974986
0.557347597003	0.800090954254	0.221851574336	-0.686878799265
-0.826532511230	0.509303355020	0.239695849873	1.642517868741
0.000000000000	0.000000000000	0.000000000000	1.000000000000
31	48	60
-0.716194879666	0.181590791962	-0.673861765213	0.851088100162
0.301198776077	-0.790579110327	-0.533164109449	1.493076473060
-0.629558727706	-0.584815744136	0.511513786501	2.456235970815
0.000000000000	0.000000000000	0.000000000000	1.000000000000
33	34	60
0.903459548403	0.098515782953	-0.417199574434	-0.431295282696
-0.125125910905	0.991456447154	-0.036845892822	-0.241210129115
0.410005305842	0.085491250469	0.908067671088	0.577027052936
0.000000000000	0.000000000000	0.000000000000	1.000000000000
33	36	60
0.881975038365	0.084056969666	-0.463739644146	-0.496473183484
-0.050483399585	0.995155027272	0.084367636341	-0.385637356886
0.468584526066	-0.050998995539	0.881945374944	0.952044873352
0.000000000000	0.000000000000	0.000000000000	1.000000000000
33	38	60
0.981333355141	-0.155725403481	0.112846997298	-0.962182538929
0.140852530540	0.981513281460	0.129584887078	-0.692625083985
-0.130940485446	-0.111271186878	0.985126038759	1.169160728544
0.000000000000	0.000000000000	0.000000000000	1.000000000000
33	41	60
0.476635738372	-0.502570149486	0.721277767404	-1.474806959662
0.364344717954	0.859620534717	0.358197519244	-0.505391218255
-0.800044560887	0.092064005663	0.592834647651	1.197907641835
0.000000000000	0.000000000000	0.000000000000	1.000000000000
33	42	60
0.082833459253	-0.594755099014	0.799628032416	-2.079278870299
0.563633343752	0.689683298878	0.454592565997	-0.355732280301
-0.821861345873	0.413041546876	0.392352658606	1.139667936897
0.000000000000	0.000000000000	0.000000000000	1.000000000000
33	47	60
0.268356253238	-0.356939029509	0.894751055077	-2.578439687082
0.489616180351	0.850442270149	0.192416062434	0.000938828299
-0.829614921085	0.386448540374	0.402984625459	0.816369826638
0.000000000000	0.000000000000	0.000000000000	1.000000000000
33	48	60
0.727053460245	-0.292676744788	0.621074543840	-2.510632528688
0.385347762376	0.922627068240	-0.016321610905	-0.016765095314
-0.568243229593	0.251196369422	0.783581531183	0.618826741025
0.000000000000	0.000000000000	0.000000000000	1.000000000000
34	35	60
0.949356403358	0.058728161758	-0.308663931192	-0.169001071783
-0.121948167063	0.974237226518	-0.189711546871	-0.085066159752
0.289570481839	0.217744872460	0.932060141067	0.018286145551
0.000000000000	0.000000000000	0.000000000000	1.000000000000
34	36	60
0.998395082487	-0.054711974249	-0.014623923521	-0.002817221543
0.055461555598	0.996830963136	0.057026719909	-0.018845907496
0.011457535337	-0.057746262275	0.998265542868	0.368674417459
0.000000000000	0.000000000000	0.000000000000	1.000000000000
34	37	60
0.954471403471	-0.257852250871	0.149988521815	-0.143757234303
0.206644339513	0.934156989942	0.290944728581	-0.418674086820
-0.215133579208	-0.246704144396	0.944909841326	0.773162222284
0.000000000000	0.000000000000	0.000000000000	1.000000000000
35	50	60
0.766859779961	-0.229692653579	0.599305733971	-1.591554419763
0.144018567021	0.971538573406	0.188072998429	0.152460983737
-0.625447623892	-0.057914465178	0.778113863449	1.183993900872
0.000000000000	0.000000000000	0.000000000000	1.000000000000
36	37	60
0.963737102065	-0.190302051269	0.187071984502	-0.177497133117
0.153314663422	0.968638786984	0.195533921173	-0.370916728500
-0.218415686438	-0.159762416207	0.962689232455	0.366623897188
0.000000000000	0.000000000000	0.000000000000	1.000000000000
36	48	60
0.373982439743	-0.263088355621	0.889337760303	-1.883393100887
0.399408529825	0.911128481268	0.101576163175	-0.073691007620
-0.837024468619	0.317221386037	0.445825785676	0.581951684343
0.000000000000	0.000000000000	0.000000000000	1.000000000000
36	49	60
0.810175411621	-0.176842892314	0.558876009364	-1.961789928203
0.276394687188	0.956017349784	-0.098167223686	0.087568068498
-0.516934985563	0.234003030643	0.823420185780	0.445669766748
0.000000000000	0.000000000000	0.000000000000	1.000000000000
37	38	60
0.905307404301	-0.155398801569	0.395309645959	-0.142047221086
0.218498949061	0.968470750566	-0.119677126294	-0.023261427998
-0.364248147526	0.194719330755	0.910718216165	0.014903659761
0.000000000000	0.000000000000	0.000000000000	1.000000000000
37	49	60
0.940435708307	-0.018839641284	0.339449180965	-1.632977095803
0.150210927439	0.918744425701	-0.365164836096	0.845918670937
-0.304987468299	0.394403027574	0.866849984727	-0.151251243028
0.000000000000	0.000000000000	0.000000000000	1.000000000000
38	39	60
0.936579780396	-0.122431269048	0.328373109910	0.172681384898
0.175375683928	0.974965522806	-0.136695277263	0.162173826630
-0.303416684511	0.185614691495	0.934604462787	0.060639876946
0.000000000000	0.000000000000	0.000000000000	1.000000000000
39	40	60
0.916858531833	-0.118124462278	0.381335867728	-0.128892835683
0.123122676368	0.992326437443	0.011359934650	0.084265343300
-0.379751549264	0.036535639625	0.924366760474	0.023824279844
0.000000000000	0.000000000000	0.000000000000	1.000000000000
40	41	60
0.998994981409	-0.022164315332	0.038958570888	-0.161224016944
0.018427461513	0.995421521913	0.093789244451	0.269089605988
-0.040858974313	-0.092977076951	0.994829536845	-0.460374037991
0.000000000000	0.000000000000	0.000000000000	1.000000000000
41	42	60
0.978495724359	-0.122693633179	0.165808292278	0.027829287632
0.123473641841	0.992331851669	0.005635240401	0.210824046343
-0.165228257817	0.014958895056	0.986141903723	-0.353644815185
0.000000000000	0.000000000000	0.000000000000	1.000000000000
41	43	60
0.790397254740	0.063482842667	0.609296404376	-0.333289231904
0.045187443083	0.985864471147	-0.161336107299	0.288965285093
-0.610925752188	0.155052162893	0.776355944201	-0.505179640784
0.000000000000	0.000000000000	0.000000000000	1.000000000000
41	44	60
0.785407113532	-0.106739953048	0.609706690497	-0.457714102364
0.284805827944	0.936873748134	-0.202862565366	0.450953729656
-0.549564651686	0.332977720698	0.766227466968	-0.311539924282
0.000000000000	0.000000000000	0.000000000000	1.000000000000
41	45	60
0.749485898938	-0.146325639899	0.645646725695	-0.503891531195
0.370330453214	0.901068804510	-0.225677568582	0.467944741735
-0.548749708625	0.408244799902	0.729527203494	-0.250576382261
0.000000000000	0.000000000000	0.000000000000	1.000000000000
41	46	60
0.909843842155	-0.061962506430	0.410298465375	-0.082604516997
0.161609533955	0.963627871823	-0.212846618910	0.458850790292
-0.382186527008	0.259965329310	0.886764617094	-0.560452836539
0.000000000000	0.000000000000	0.000000000000	1.000000000000
41	47	60
0.993527375971	-0.084514889487	0.075898528648	0.203113847711
0.097507533686	0.977285727274	-0.188161866860	0.677746808687
-0.058272069386	0.194344644178	0.979200962627	-0.809338564468
0.000000000000	0.000000000000	0.000000000000	1.000000000000
41	48	60
0.916411851746	0.137885574853	-0.375735127752	0.238331584984
-0.216722781438	0.960197768669	-0.176214304327	0.683430685392
0.336482620628	0.242915238903	0.909819560531	-0.913676455170
0.000000000000	0.000000000000	0.000000000000	1.000000000000
42	43	60
0.936917873452	-0.084203385608	0.339256080652	-0.027308687276
0.136435983586	0.981660686818	-0.133144727040	-0.019874309768
-0.321823120347	0.171032411570	0.931223814881	-0.238750809676
0.000000000000	0.000000000000	0.000000000000	1.000000000000
42	44	60
0.932564476557	-0.104969642717	0.345405372238	-0.189605472422
0.195166834337	0.951513122118	-0.237766030401	0.229040570493
-0.303699528873	0.289143826747	0.907833929536	-0.078194682727
0.000000000000	0.000000000000	0.000000000000	1.000000000000
42	45	60
0.870965905594	-0.083803808888	0.484143896904	-0.523465358785
0.221678192366	0.946384582801	-0.234978723433	0.147787696656
-0.438494207855	0.311982600561	0.842846182067	0.103242596475
0.000000000000	0.000000000000	0.000000000000	1.000000000000
42	46	60
0.986736752084	0.004404526521	0.162268857868	0.102636785341
0.044557590039	0.953886843102	-0.296840886210	0.365908176917
-0.156093572121	0.300134121189	0.941038950331	-0.143756011279
0.000000000000	0.000000000000	0.000000000000	1.000000000000
42	47	60
0.989048944377	0.005657188539	-0.147479428549	0.384451963799
-0.034250140726	0.980783094389	-0.192071470088	0.453203159133
0.143558745772	0.195019275917	0.970236243671	-0.328413496211
0.000000000000	0.000000000000	0.000000000000	1.000000000000
42	48	60
0.766460127266	0.169756132743	-0.619452765518	0.596639902718
-0.294962055991	0.949756644359	-0.104688595467	0.395329280989
0.570557848809	0.262954695511	0.778022216438	-0.376546999606
0.000000000000	0.000000000000	0.000000000000	1.000000000000
43	44	60
0.998988170596	-0.037308718062	-0.025113633052	-0.110105813854
0.034995487992	0.995595448550	-0.086977115645	0.233963209681
0.028248023449	0.086010245798	0.995893712596	0.040427564773
0.000000000000	0.000000000000	0.000000000000	1.000000000000
43	45	60
0.998452424790	-0.032948751219	0.044801062748	-0.323739847277
0.038598080233	0.990534394327	-0.131726238304	0.293906181801
-0.040036778500	0.133251617058	0.990273226397	0.049133446453
0.000000000000	0.000000000000	0.000000000000	1.000000000000
43	46	60
0.974944002834	0.071435335824	-0.210668422250	0.192217479654
-0.094962537399	0.990059071637	-0.103755246418	0.277223138231
0.201162391684	0.121161163184	0.972035835094	0.059602778856
0.000000000000	0.000000000000	0.000000000000	1.000000000000
43	47	60
0.889634601780	0.105924086357	-0.444218823606	0.414028640358
-0.124895450052	0.992077154003	-0.013566394574	0.438472651717
0.439262338327	0.067550043931	0.895815600273	-0.074586579335
0.000000000000	0.000000000000	0.000000000000	1.000000000000
44	45	60
0.996800803950	-0.001428764958	0.079913177102	-0.217367259174
0.005479027769	0.998709688265	-0.050487016351	0.060902688694
-0.079737930112	0.050763345005	0.995522448419	0.018849523925
0.000000000000	0.000000000000	0.000000000000	1.000000000000
44	46	60
0.967569559455	0.151756457761	-0.201938419190	0.307475712471
-0.148232102699	0.988416679468	0.032553209975	-0.049320965721
0.204539461587	-0.001563738542	0.978857069942	0.021327563243
0.000000000000	0.000000000000	0.000000000000	1.000000000000
44	47	60
0.855740912341	0.131012034207	-0.500543042943	0.755048481308
-0.068494317728	0.987581616667	0.141389811725	0.006654905445
0.512850874412	-0.086708692261	0.854087573555	-0.090542344868
0.000000000000	0.000000000000	0.000000000000	1.000000000000
45	46	60
0.962844445145	0.095567716462	-0.252581444338	0.499753463659
-0.091692338876	0.995418615064	0.027097892458	0.008050335677
0.254013955217	-0.002931271841	0.967196111552	0.023262240673
0.000000000000	0.000000000000	0.000000000000	1.000000000000
45	47	60
0.806560284121	0.172980822372	-0.565277049923	0.975322791402
-0.101072393607	0.982502057159	0.156441934689	0.048220787284
0.582447318930	-0.069045946805	0.809930724137	-0.060661347436
0.000000000000	0.000000000000	0.000000000000	1.000000000000
46	47	60
0.952575493189	0.014969405697	-0.303933951162	0.333199751447
0.020721395660	0.993280089079	0.113865220331	0.004019366149
0.303596036762	-0.114763154071	0.945864083751	-0.167588002637
0.000000000000	0.000000000000	0.000000000000	1.000000000000
46	48	60
0.734451419948	0.178993388563	-0.654631559419	0.279555144073
-0.135832180359	0.983844834804	0.116614578024	0.009372019483
0.664929116911	0.003272289632	0.746899298168	-0.388161548049
0.000000000000	0.000000000000	0.000000000000	1.000000000000
47	48	60
0.865398094377	0.179918107371	-0.467670410534	0.130402346551
-0.183223092052	0.982303048433	0.038858970382	-0.041303144231
0.466385502334	0.052059539761	0.883048338163	-0.087979038072
0.000000000000	0.000000000000	0.000000000000	1.000000000000
48	49	60
0.819815773697	0.202960018576	-0.535452451725	0.206249269741
-0.194618503158	0.978173989931	0.072796178819	0.018326619677
0.538540374927	0.044529499007	0.841422241381	-0.078161950695
0.000000000000	0.000000000000	0.000000000000	1.000000000000
48	50	60
0.667744533850	0.307883614096	-0.677735138298	0.239909755025
-0.261870362218	0.949417224888	0.173294103992	-0.014391764630
0.696807829251	0.061762555464	0.714593755806	-0.175239070831
0.000000000000	0.000000000000	0.000000000000	1.000000000000
49	50	60
0.964287252248	0.133965976878	-0.228480222757	0.078240002354
-0.127188540865	0.990893085964	0.044203701891	0.031847188838
0.232321265115	-0.013565000086	0.972544508261	-0.127787208977
0.000000000000	0.000000000000	0.000000000000	1.000000000000
49	51	60
0.918076896280	0.084629306570	-0.387263079813	0.059599292951
-0.086489902260	0.996172342552	0.012655462923	-0.266178646591
0.386851792453	0.021875657801	0.921882392864	0.003502104736
0.000000000000	0.000000000000	0.000000000000	1.000000000000
50	51	60
0.987871216777	-0.043530070735	-0.149048958416	0.049508154533
0.032737141688	0.996712164785	-0.074115721168	-0.260864079329
0.151785172587	0.068337350782	0.986048309096	0.112013628915
0.000000000000	0.000000000000	0.000000000000	1.000000000000
51	55	60
0.841766530095	0.327105984025	-0.429454053452	1.324740878255
-0.251195089856	0.941483469727	0.224744083487	-0.247048987504
0.477839026916	-0.081305297770	0.874676690504	0.753796288324
0.000000000000	0.000000000000	0.000000000000	1.000000000000
52	53	60
0.909869750698	0.166202607939	-0.380149615125	0.609837957784
-0.168631129748	0.985304749289	0.027167869049	0.137448430249
0.379078591911	0.039385836834	0.924525920141	0.054075134738
0.000000000000	0.000000000000	0.000000000000	1.000000000000
52	54	60
0.815328742070	0.131774284159	-0.563803671847	1.115605711908
-0.119010407320	0.991106118201	0.059541459615	-0.225591353656
0.566635301851	0.018552641266	0.823759815843	-0.145758149481
0.000000000000	0.000000000000	0.000000000000	1.000000000000
52	55	60
0.942291134375	0.085361697980	-0.323729514557	1.504005044944
-0.064240186635	0.995081989952	0.075399149157	-0.035231329917
0.328573608950	-0.050251505356	0.943140588518	-0.151998911654
0.000000000000	0.000000000000	0.000000000000	1.000000000000
53	54	60
0.985384758050	-0.013830948381	-0.169780986776	0.380518626601
-0.011413527814	0.989097698430	-0.146817827062	0.132757335213
0.169960613045	0.146609849011	0.974483936341	-0.321534848132
0.000000000000	0.000000000000	0.000000000000	1.000000000000
53	55	60
0.976418072258	-0.124562989383	0.176328698298	0.514380570141
0.133902704034	0.990101861463	-0.042051989024	0.206831148838
-0.169345250951	0.064671211558	0.983432672010	-0.379146993852
0.000000000000	0.000000000000	0.000000000000	1.000000000000
53	56	60
0.851101864615	0.316613684160	-0.418785614666	0.472464425450
-0.210985508895	0.936710004394	0.279391271705	0.239176575861
0.480739774810	-0.149432736277	0.864036530619	-0.311063144443
0.000000000000	0.000000000000	0.000000000000	1.000000000000
53	58	60
0.727300826563	0.093643770821	-0.679900251410	0.415563193168
-0.248975149241	0.959163603123	-0.134225770644	0.270388384913
0.639566167602	0.266900780499	0.720915453176	-0.577648291054
0.000000000000	0.000000000000	0.000000000000	1.000000000000
54	55	60
0.929717752064	-0.150647723986	0.336050836565	0.111208555625
0.117662285650	0.986187847971	0.116572359714	0.032056310202
-0.348970611991	-0.068838882701	0.934601904660	-0.112189558580
0.000000000000	0.000000000000	0.000000000000	1.000000000000
56	57	60
0.957375078678	-0.012931200919	-0.288558040555	0.028130765730
-0.140418564476	0.852172614578	-0.504067913791	0.129340664690
0.252419463348	0.523100964448	0.814033043259	-0.187466279074
0.000000000000	0.000000000000	0.000000000000	1.000000000000
56	58	60
0.961085963753	0.003232259114	-0.276230560907	-0.005961980142
-0.126822864386	0.893492430971	-0.430798371476	0.026667551454
0.245417463410	0.449066618998	0.859132958485	-0.206864499330
0.000000000000	0.000000000000	0.000000000000	1.000000000000
56	59	60
0.806180806555	0.309876832013	-0.504032594307	0.058259752893
-0.376602814302	0.925779831646	-0.033196740452	-0.061936021842
0.456336309537	0.216582668509	0.863046418392	0.261274465689
0.000000000000	0.000000000000	0.000000000000	1.000000000000
57	58	60
0.999346179867	-0.036140724294	0.001029967002	-0.008576708441
0.036089517934	0.998839327815	0.031898964019	-0.044974567543
-0.002181623212	-0.031840936822	0.999490567871	0.011294864822
0.000000000000	0.000000000000	0.000000000000	1.000000000000
58	59	60
0.937675167421	0.218297957720	-0.270390979986	0.208319553587
-0.107205140957	0.921833906556	0.372463832440	0.061531345986
0.330563667325	-0.320262783318	0.887783425992	0.415734957690
0.000000000000	0.000000000000	0.000000000000	1.000000000000
