0	1	37
0.961117982211	0.065692788184	0.268210144944	-0.128829761347
-0.001657848049	0.972645285985	-0.232289472836	0.009507605830
-0.276133076270	0.222812937755	0.934935783334	-0.097012960414
0.000000000000	0.000000000000	0.000000000000	1.000000000000
0	12	37
0.995596531360	-0.036396115339	-0.086387901536	-0.929774039652
0.041655554488	0.997336009069	0.059880713051	-0.059403516139
0.083978339611	-0.063215566149	0.994460371595	0.600745140385
0.000000000000	0.000000000000	0.000000000000	1.000000000000
2	3	37
0.645512435795	-0.303987611157	0.700646292716	-0.261194535140
0.299847377346	0.944589574665	0.133574270472	0.013499435274
-0.702428107020	0.123863100626	0.700894205120	0.081564501734
0.000000000000	0.000000000000	0.000000000000	1.000000000000
3	4	37
0.899779376838	0.110351592730	0.422160631749	-0.120129288473
0.109879869705	0.879012115500	-0.463965639933	0.109374330714
-0.422283657333	0.463853669584	0.778791554887	-0.261461722980
0.000000000000	0.000000000000	0.000000000000	1.000000000000
4	5	37
0.979325987816	-0.151019939765	0.134586728105	-0.022318457203
0.070767684829	0.879052916314	0.471442366683	0.074503451687
-0.189506053657	-0.452171370293	0.871566697112	-0.029852165272
0.000000000000	0.000000000000	0.000000000000	1.000000000000
5	6	37
0.786355087470	-0.352747706766	0.507163417235	0.040307118209
0.327102826653	0.934171620114	0.142573226695	-0.022933048698
-0.524070049903	0.053781405204	0.849975378025	0.063602971362
0.000000000000	0.000000000000	0.000000000000	1.000000000000
6	7	37
0.810471749001	-0.357328630473	0.464167851015	0.041099376856
0.370400913955	0.926489331553	0.066488205418	0.173677087400
-0.453804701400	0.118041384112	0.883248280284	-0.304577877038
0.000000000000	0.000000000000	0.000000000000	1.000000000000
7	8	37
0.825560666384	-0.127106661449	0.549812224977	-0.003059934564
0.295041951375	0.927750875811	-0.228535685092	0.189543158678
-0.481040365300	0.350887744224	0.803416428700	-0.230159969802
0.000000000000	0.000000000000	0.000000000000	1.000000000000
8	9	37
0.949889612809	0.138979248363	0.279990164118	-0.151166581960
0.034271799532	0.844018962424	-0.535217184725	-0.047305844437
-0.310701089852	0.517993011143	0.796961776481	-0.028081256399
0.000000000000	0.000000000000	0.000000000000	1.000000000000
8	10	37
0.697732418533	-0.309398306413	0.646097639770	-0.377678452913
0.322439544544	0.941032219043	0.102426084749	0.045322039640
-0.639689152825	0.136861428865	0.756350935113	0.203137310420
0.000000000000	0.000000000000	0.000000000000	1.000000000000
8	15	37
0.916573556269	-0.273950997178	0.291279534286	0.125875026734
0.212797381216	0.950903699381	0.224720780196	-0.279475833734
-0.338541268528	-0.143989602574	0.929869240191	0.780800626897
0.000000000000	0.000000000000	0.000000000000	1.000000000000
8	16	37
0.918892733917	-0.222817037821	0.325559074840	0.543139656382
0.222151203955	0.974202267821	0.039733914393	-0.540962294180
-0.326013782125	0.035812135209	0.944686458480	1.030386664810
0.000000000000	0.000000000000	0.000000000000	1.000000000000
10	14	37
0.744442370990	-0.294289599440	0.599332285078	-0.495172350493
0.344352721167	0.938260690704	0.032986053191	-0.176125637647
-0.572037376139	0.181825487603	0.799820437572	0.350572692394
0.000000000000	0.000000000000	0.000000000000	1.000000000000
10	15	37
0.958823736945	0.126570388679	-0.254238034489	-0.301513511697
-0.078498219049	0.978434404147	0.191060583029	-0.262565544192
0.272937852042	-0.163236189281	0.948081681835	0.615708756688
0.000000000000	0.000000000000	0.000000000000	1.000000000000
10	16	37
0.907986772914	0.214257656519	-0.360074543444	-0.105941528245
-0.193181052080	0.976649452918	0.094004931960	-0.763839259976
0.371807882287	-0.015795655679	0.928175304525	1.173285097077
0.000000000000	0.000000000000	0.000000000000	1.000000000000
11	12	37
0.854802408246	-0.000630178255	0.518953221141	-0.345879243986
0.189353877116	0.931434058910	-0.310766315941	0.096623027828
-0.483174866977	0.363909599733	0.796311403374	-0.203416929099
0.000000000000	0.000000000000	0.000000000000	1.000000000000
11	13	37
0.803815200255	-0.102051410913	0.586060264281	-0.352965313428
0.317457062735	0.906755682927	-0.277516026203	0.210048989151
-0.503092573150	0.409120570261	0.761260942011	-0.429940115098
0.000000000000	0.000000000000	0.000000000000	1.000000000000
12	13	37
0.989803101474	-0.095560687271	0.105631318089	0.092223661269
0.096892410650	0.995266328296	-0.007536346565	0.071200158341
-0.104411115650	0.017694372253	0.994376803892	-0.212087550304
0.000000000000	0.000000000000	0.000000000000	1.000000000000
14	15	37
0.432029656520	0.580065388648	-0.690561018867	-0.024650466260
-0.366405538746	0.812560458854	0.453312785925	-0.154185967157
0.824073635705	0.057180814955	0.563589387176	0.452072048147
0.000000000000	0.000000000000	0.000000000000	1.000000000000
15	16	37
0.998770711112	0.025196444506	-0.042687302663	0.274607559419
-0.034167373812	0.973850602232	-0.224605420902	-0.336332565545
0.035911797383	0.225787828981	0.973514354847	0.338137028712
0.000000000000	0.000000000000	0.000000000000	1.000000000000
16	17	37
0.688608241258	-0.437117631819	0.578573129366	-0.090910411388
0.401728826149	0.894217005086	0.197458598333	-0.186346237558
-0.603682565850	0.096457885982	0.791367952295	0.421884489285
0.000000000000	0.000000000000	0.000000000000	1.000000000000
17	18	37
0.960920101448	0.171540539695	-0.217270342833	-0.022751741242
-0.248246819623	0.881292009678	-0.402116786799	-0.290364221815
0.122499286451	0.440338775171	0.889435600760	0.450485790323
0.000000000000	0.000000000000	0.000000000000	1.000000000000
17	19	37
0.924663501177	0.219238193079	-0.311339082491	-0.074173578817
-0.311008603332	0.906577901465	-0.285289602384	-0.668703713581
0.219706755118	0.360626015798	0.906464460685	0.846499118099
0.000000000000	0.000000000000	0.000000000000	1.000000000000
18	19	37
0.988574387738	0.017715322722	-0.149689168776	0.146452665204
-0.003761369046	0.995659661330	0.092992961578	-0.163524836930
0.150686867413	-0.091367423850	0.984350273962	0.525956207731
0.000000000000	0.000000000000	0.000000000000	1.000000000000
19	20	37
0.771581070881	-0.511950834238	0.377583095995	0.120773930264
0.366795402117	0.843001766984	0.393457944192	-0.119018492804
-0.519734339874	-0.165088958399	0.838225418232	0.458070348751
0.000000000000	0.000000000000	0.000000000000	1.000000000000
20	21	37
0.389526562047	-0.517062973421	0.762177760746	-0.119812267521
0.705074889716	0.699839462159	0.114429572649	-0.151643410847
-0.592569369232	0.492819042572	0.637174178641	0.234510279065
0.000000000000	0.000000000000	0.000000000000	1.000000000000
21	22	37
0.946290095863	-0.031859790352	0.321745253626	-0.203164546637
0.161552931121	0.908592611366	-0.385175436674	-0.057535813348
-0.280063751526	0.416466589692	0.864939231826	0.031900319182
0.000000000000	0.000000000000	0.000000000000	1.000000000000
21	28	37
0.616686310677	-0.453124577692	0.643720522677	0.078729846197
0.564673596223	0.824376567198	0.039331986767	-0.473877643759
-0.548490404613	0.339236484691	0.764249228656	0.573402250999
0.000000000000	0.000000000000	0.000000000000	1.000000000000
22	23	37
0.987721149109	0.114719303708	-0.106049106361	-0.031777374111
-0.153377869714	0.841119075606	-0.518646247198	-0.170226996232
0.029701189962	0.528543453282	0.848386502313	0.236633124837
0.000000000000	0.000000000000	0.000000000000	1.000000000000
22	29	37
0.967131708124	0.159044237884	-0.198396546184	0.092460157507
-0.129451177817	0.979523873707	0.154192650278	-0.363141596357
0.218857605999	-0.123441934665	0.967917061045	0.975409948588
0.000000000000	0.000000000000	0.000000000000	1.000000000000
23	28	37
0.779243725807	-0.510449179582	0.363621851453	0.109961582526
0.012162323471	0.592404751675	0.805548687591	0.190334090954
-0.626602979308	-0.623296274059	0.467835933919	0.434153086084
0.000000000000	0.000000000000	0.000000000000	1.000000000000
23	29	37
0.976832052813	0.012866744443	-0.213620194468	0.162787486590
0.128097026889	0.764472402936	0.631801469491	0.193102475228
0.171435971428	-0.644528038208	0.745112954970	0.709424214101
0.000000000000	0.000000000000	0.000000000000	1.000000000000
23	30	37
0.864631021804	-0.000652867058	-0.502406976363	0.162255202552
0.067131921712	0.991181870343	0.114244496542	0.069174871969
0.497902100036	-0.132506881585	0.857050421569	0.613906041455
0.000000000000	0.000000000000	0.000000000000	1.000000000000
24	27	37
0.859659998367	0.185166995829	0.476127998403	-0.060101813080
0.193906767265	0.743986400375	-0.639440694408	0.027797513488
-0.472636068044	0.642026027286	0.603670214166	-0.188005065268
0.000000000000	0.000000000000	0.000000000000	1.000000000000
24	28	37
0.948991627803	-0.184825132826	0.255449722324	0.029018550881
0.124681135711	0.964117068212	0.234377672104	0.020288906755
-0.289602321740	-0.190572687074	0.937983233424	0.008154760015
0.000000000000	0.000000000000	0.000000000000	1.000000000000
25	27	37
0.928622212943	-0.010365900490	-0.370881832577	0.167378826569
-0.267536748966	0.673882556832	-0.688699054414	-0.010876272847
0.257069783485	0.738765759700	0.623009051872	-0.191490113565
0.000000000000	0.000000000000	0.000000000000	1.000000000000
26	27	37
0.763389639940	-0.117333047425	-0.635192265077	0.158101088230
-0.080168741815	0.958550203728	-0.273412654735	-0.049942630782
0.640944015081	0.259642952755	0.722340852103	-0.037934998036
0.000000000000	0.000000000000	0.000000000000	1.000000000000
28	29	37
0.655240010227	0.416494165754	-0.630232606971	-0.133070876039
-0.536614016795	0.843827785281	-0.000256451951	-0.191524664143
0.531700974211	0.338359688321	0.776406333914	0.139452456310
0.000000000000	0.000000000000	0.000000000000	1.000000000000
28	30	37
0.365759662913	0.038870965357	-0.929897261550	-0.010620673850
-0.641350827958	0.734561574688	-0.221559040595	-0.236595293401
0.674454582950	0.677427738615	0.293602919762	0.107058371872
0.000000000000	0.000000000000	0.000000000000	1.000000000000
29	30	37
0.946491268732	-0.022039507867	-0.321975990265	0.080871729617
-0.143260196251	0.865291058757	-0.480362258931	-0.014949232480
0.289189893296	0.500785027460	0.815833047803	-0.118928715021
0.000000000000	0.000000000000	0.000000000000	1.000000000000
30	31	37
0.955768959520	0.241482595794	-0.167904294012	-0.128543641239
0.011418788039	0.539976631062	0.841602548230	0.228999225213
0.293896762994	-0.806294855394	0.513335464259	0.514054050230
0.000000000000	0.000000000000	0.000000000000	1.000000000000
31	32	37
0.756626066748	0.378716177899	-0.533001924682	0.028062789668
-0.552614954712	0.806100016194	-0.211706106952	-0.424248599149
0.349476332455	0.454727193479	0.819200508157	0.100496854133
0.000000000000	0.000000000000	0.000000000000	1.000000000000
31	33	37
0.411293457966	0.314525144531	-0.855518336970	0.221659252255
-0.731671440146	0.673663874780	-0.104085962024	-0.534078699778
0.543594145580	0.668768208929	0.507202610026	0.146343877880
0.000000000000	0.000000000000	0.000000000000	1.000000000000
31	34	37
0.001418423130	-0.592243161553	0.805758044123	-2.382430129004
0.862915873001	0.407912003619	0.298301849518	-0.779155955864
-0.505345608666	0.694878287830	0.511634616601	0.935621845515
0.000000000000	0.000000000000	0.000000000000	1.000000000000
32	33	37
0.900860689730	0.114502414140	-0.418735256283	0.234681017879
-0.196087900071	0.967905638247	-0.157188456620	-0.064381638465
0.387297757732	0.223713818539	0.894400678807	-0.047093741130
0.000000000000	0.000000000000	0.000000000000	1.000000000000
32	34	37
-0.662444496764	-0.431334384212	0.612468723857	-1.293653604925
0.464130932101	0.405433681245	0.787531591734	-0.829040651082
-0.588004903529	0.805961648658	-0.068381681152	2.054121112338
0.000000000000	0.000000000000	0.000000000000	1.000000000000
32	35	37
-0.529941002371	-0.025810052031	0.847641654958	-1.444899459593
0.439990493450	0.846109801561	0.300843097603	-0.989644290991
-0.724962688474	0.532383362734	-0.437032098826	2.083464822280
0.000000000000	0.000000000000	0.000000000000	1.000000000000
32	36	37
-0.513726296136	-0.189204201741	0.836831561726	-1.437862331160
0.438707335320	0.780289363996	0.445740263350	-0.947855990105
-0.737306697782	0.596112639087	-0.317849893703	2.097322039838
0.000000000000	0.000000000000	0.000000000000	1.000000000000
33	34	37
0.900988430631	0.231733913665	-0.366768647960	0.121052255070
0.012177704930	0.831552992552	0.555311916026	0.071126175042
0.433672170391	-0.504796012103	0.746397638523	0.280461087432
0.000000000000	0.000000000000	0.000000000000	1.000000000000
33	35	37
0.829152164664	-0.034422998154	-0.557962135840	0.204003739212
-0.021774197954	0.995356230747	-0.093764909302	0.083554485327
0.558598757729	0.089894555514	0.824552240160	0.134304083797
0.000000000000	0.000000000000	0.000000000000	1.000000000000
33	36	37
0.840003027561	0.136524463092	-0.525124732483	0.113044805124
-0.076208931087	0.987918968003	0.134938176516	0.024003125084
0.537203045887	-0.073329282257	0.840259307507	0.116096884322
0.000000000000	0.000000000000	0.000000000000	1.000000000000
34	35	37
0.988223316111	0.032452783102	-0.149537601837	-0.000000175451
-0.117754176902	0.785354711803	-0.607743309688	0.050287968418
0.097717098383	0.618194786065	0.779927288384	-0.177076965138
0.000000000000	0.000000000000	0.000000000000	1.000000000000
34	36	37
0.984809918739	0.087785034712	-0.149810585856	-0.025052345894
-0.141910511304	0.904082152259	-0.403109003557	-0.002101942287
0.100054139022	0.418245441873	0.902806690060	-0.173263263388
0.000000000000	0.000000000000	0.000000000000	1.000000000000
35	36	37
0.999960117437	-0.005282067137	-0.007201617991	-0.038800057248
0.006651546810	0.978560818646	0.205850628216	0.015205944353
0.005959904359	-0.205890320264	0.978556925049	0.037314545431
0.000000000000	0.000000000000	0.000000000000	1.000000000000
