1	2	60
0.860865735470	-0.102124415482	0.498478474215	-0.236292787481
0.072839559601	0.994295892438	0.077910697840	-0.030788781332
-0.503591683857	-0.030761697665	0.863393962167	0.308790152739
0.000000000000	0.000000000000	0.000000000000	1.000000000000
2	3	60
0.824280087900	-0.140622882616	0.548441010115	-0.622840973417
0.152781567436	0.987975797383	0.023698447978	0.034600763596
-0.545178988355	0.064257518389	0.835853361534	0.170571434761
0.000000000000	0.000000000000	0.000000000000	1.000000000000
2	5	60
0.707097594731	-0.147954281810	0.691464042464	-1.031603250119
0.082380329384	0.988442825731	0.127256676019	-0.130269509825
-0.702300842130	-0.033019853951	0.711114067073	0.239000298784
0.000000000000	0.000000000000	0.000000000000	1.000000000000
2	7	60
0.842018366368	-0.129746165981	0.523613409982	-0.899248599265
0.138567748737	0.990097184540	0.022506536302	-0.152074907644
-0.521348299805	0.053605014500	0.851658647999	0.327242681025
0.000000000000	0.000000000000	0.000000000000	1.000000000000
3	4	60
0.954544599189	-0.008957121141	0.297933512951	-0.400334121803
-0.016760711495	0.996353902258	0.083653930004	0.073800933609
-0.297596516627	-0.084844984741	0.950914108558	-0.371436984223
0.000000000000	0.000000000000	0.000000000000	1.000000000000
3	5	60
0.978322128664	0.015613812820	0.206499446524	-0.443353891194
-0.025632644405	0.998615684149	0.045931284685	-0.042198932177
-0.205496423585	-0.050228719088	0.977368045146	-0.164533891658
0.000000000000	0.000000000000	0.000000000000	1.000000000000
3	6	60
0.988465375607	0.061691230962	0.138312664816	-0.424424578155
-0.031368055274	0.976867043374	-0.211534452699	-0.101352355775
-0.148162904718	0.204755882926	0.967534382889	-0.034629408158
0.000000000000	0.000000000000	0.000000000000	1.000000000000
3	7	60
0.999682661233	0.020690339242	-0.014369644807	-0.376785281015
-0.021428044270	0.998351946056	-0.053237493603	-0.034682545738
0.013244461054	0.053528512667	0.998478483786	-0.013210874624
0.000000000000	0.000000000000	0.000000000000	1.000000000000
3	38	60
0.396532519249	-0.496606610872	0.772103513278	-2.213774768152
0.340081837783	0.860677064281	0.378918638537	-0.548843303805
-0.852705286009	0.112324819424	0.510173333440	1.474629032056
0.000000000000	0.000000000000	0.000000000000	1.000000000000
3	39	60
0.107090333232	-0.304128888700	0.946592456967	-2.188494681141
0.266039714760	0.926116633143	0.267452522862	-0.568400350604
-0.957995057763	0.223189607449	0.180088501655	1.499007406735
0.000000000000	0.000000000000	0.000000000000	1.000000000000
3	40	60
0.055057341612	-0.452723426925	0.889949542304	-1.901778966147
0.265817746430	0.865781918147	0.423984192974	-0.609062763155
-0.962449798596	0.213220939222	0.168009571930	1.715232276827
0.000000000000	0.000000000000	0.000000000000	1.000000000000
3	41	60
-0.160008507230	-0.497471734746	0.852595537604	-1.652034939793
0.210376785408	0.826694450162	0.521840870603	-0.756112517763
-0.964437082331	0.262865287172	-0.027621640519	1.780547726322
0.000000000000	0.000000000000	0.000000000000	1.000000000000
3	45	60
-0.125872607877	-0.008582463629	0.992009288215	-2.019135195424
0.238970576756	0.970254659396	0.038716396594	-0.715802869721
-0.962833916120	0.241934365559	-0.120077527999	1.625789898210
0.000000000000	0.000000000000	0.000000000000	1.000000000000
3	46	60
0.074711782302	-0.212297965419	0.974344766222	-2.421167952186
0.227528615313	0.954931524148	0.190621387578	-0.687089097381
-0.970901065402	0.207449651885	0.119648498251	1.581624767058
0.000000000000	0.000000000000	0.000000000000	1.000000000000
3	47	60
-0.078491856377	-0.483756794809	0.871675623130	-1.723506341111
0.191744155743	0.850721856200	0.489394015209	-0.674177233632
-0.978301184309	0.205552151192	0.025982800453	1.675746126194
0.000000000000	0.000000000000	0.000000000000	1.000000000000
4	5	60
0.993403443230	0.028210404178	-0.111147523924	-0.056581856949
-0.033220545143	0.998501594526	-0.043485182640	-0.123554508511
0.109754245288	0.046890711500	0.992852087079	0.142149513848
0.000000000000	0.000000000000	0.000000000000	1.000000000000
4	6	60
0.987629466850	-0.035032154440	-0.152842351343	-0.117905871414
-0.013283234726	0.952529310526	-0.304156979642	-0.221624501818
0.156242093828	0.302424636471	0.940280674783	0.299516381019
0.000000000000	0.000000000000	0.000000000000	1.000000000000
4	7	60
0.943902934553	0.034164337672	-0.328450982910	-0.044489033904
-0.064926231237	0.994419846614	-0.083148981700	-0.237118798512
0.323777446157	0.099809652298	0.940853973084	0.318124233660
0.000000000000	0.000000000000	0.000000000000	1.000000000000
4	38	60
0.614270211041	-0.528661505301	0.585823455181	-2.295767212854
0.441206902481	0.845609633629	0.300467663347	-0.723205715970
-0.654223644507	0.073901017086	0.752681913322	1.147083734464
0.000000000000	0.000000000000	0.000000000000	1.000000000000
4	39	60
0.374689373774	-0.321033743749	0.869796072970	-2.309538834744
0.317505824309	0.925844066081	0.204945887572	-0.689046985651
-0.871090078413	0.199374272857	0.448834016773	1.227085425876
0.000000000000	0.000000000000	0.000000000000	1.000000000000
4	40	60
0.348625733963	-0.484592795681	0.802265492211	-2.071702180946
0.297397848708	0.868928036866	0.395624299471	-0.849696561624
-0.888827664513	0.100667219699	0.447047529548	1.506465365540
0.000000000000	0.000000000000	0.000000000000	1.000000000000
4	41	60
0.125618276058	-0.557902829786	0.820344123668	-1.811292788448
0.310011225026	0.807559978379	0.501736904840	-0.974409065772
-0.942397521791	0.191288561700	0.274400432005	1.598220587209
0.000000000000	0.000000000000	0.000000000000	1.000000000000
4	46	60
0.364028497917	-0.253215145793	0.896306500392	-2.534447996916
0.311448385133	0.940030853636	0.139075150945	-0.811802354976
-0.877771699306	0.228525893835	0.421061467893	1.165712987926
0.000000000000	0.000000000000	0.000000000000	1.000000000000
4	47	60
0.169496455409	-0.511256379030	0.842548435702	-1.930543622924
0.283256413340	0.844118049759	0.455225792736	-0.876151324243
-0.943947432808	0.161498089683	0.287891665602	1.544879730690
0.000000000000	0.000000000000	0.000000000000	1.000000000000
5	6	60
0.998280715104	-0.027472100002	-0.051777384755	-0.042068959553
0.013321015654	0.966580526455	-0.256016867452	-0.103418491699
0.057080332800	0.254886974166	0.965284655430	0.146203485069
0.000000000000	0.000000000000	0.000000000000	1.000000000000
5	7	60
0.971883575503	0.002729233282	-0.235446102013	0.071739255702
-0.025044918563	0.995458561678	-0.091842278041	-0.012294573626
0.234126179061	0.095156730016	0.967538179614	0.169644706625
0.000000000000	0.000000000000	0.000000000000	1.000000000000
5	38	60
0.580567618471	-0.521983386291	0.624879656268	-2.063125121206
0.371902021695	0.852733897795	0.366788475569	-0.605235163463
-0.724313555473	0.019448495739	0.689196364886	1.170289539166
0.000000000000	0.000000000000	0.000000000000	1.000000000000
5	39	60
0.249314192135	-0.375950425427	0.892470566025	-2.018720861542
0.320620498460	0.901642254905	0.290247722020	-0.681272551917
-0.913807928160	0.213781481405	0.345329623173	1.345138378488
0.000000000000	0.000000000000	0.000000000000	1.000000000000
5	40	60
0.266615298552	-0.526671837654	0.807175977095	-1.772971341820
0.286144151368	0.842984093840	0.455520956896	-0.769527285048
-0.920346569079	0.109519829051	0.375456521889	1.507755125993
0.000000000000	0.000000000000	0.000000000000	1.000000000000
5	45	60
0.023525498996	-0.057543859510	0.998065756917	-1.923165129484
0.303578799986	0.951611100053	0.047709815075	-0.733748465514
-0.952515859761	0.301869207585	0.039856221796	1.463564828095
0.000000000000	0.000000000000	0.000000000000	1.000000000000
5	46	60
0.296890967323	-0.372837888273	0.879117547652	-2.197263502489
0.324097477859	0.905323614545	0.274499504176	-0.987315698670
-0.898229691319	0.203423356611	0.389618222902	1.096809868577
0.000000000000	0.000000000000	0.000000000000	1.000000000000
6	7	60
0.982666083574	0.039512348661	-0.181124660101	0.117264690122
-0.003573452025	0.980877904607	0.194591281137	0.038123267946
0.185349935619	-0.190571011849	0.964016644467	0.017834246395
0.000000000000	0.000000000000	0.000000000000	1.000000000000
6	46	60
0.161231116388	-0.282512399898	0.945616873270	-2.238013999053
-0.026093494171	0.956597466564	0.290241996488	-0.421342815316
-0.986571668289	-0.071470489487	0.146861541808	1.605099179316
0.000000000000	0.000000000000	0.000000000000	1.000000000000
7	38	60
0.397381537202	-0.526212185224	0.751790296568	-1.730072995270
0.345476727224	0.844765380561	0.408677480113	-0.470305491094
-0.850137485844	0.097325165950	0.517488229079	1.460190481361
0.000000000000	0.000000000000	0.000000000000	1.000000000000
7	46	60
0.074799989079	-0.306870365495	0.948807430628	-1.901912059514
0.213634804259	0.934313119410	0.285340437560	-0.783159961947
-0.974045754594	0.181354828109	0.135444801593	1.561612843401
0.000000000000	0.000000000000	0.000000000000	1.000000000000
8	9	60
0.849445343042	-0.021128252952	-0.527253455286	-0.078004634698
-0.039193974935	0.993911685094	-0.102972785543	-0.034593350836
0.526219005275	0.108134911850	0.843445552082	0.846728422568
0.000000000000	0.000000000000	0.000000000000	1.000000000000
8	35	60
0.998624876225	-0.044160142139	-0.028253113659	-0.824384843325
0.046844896289	0.993604421938	0.102741463861	-0.168845204276
0.023535341017	-0.103923695810	0.994306770153	-0.219894195934
0.000000000000	0.000000000000	0.000000000000	1.000000000000
8	36	60
0.892787357388	-0.256834587458	0.370090163573	-1.272744795083
0.235176730605	0.966441158282	0.103360500003	-0.510253136256
-0.384216917730	-0.005242352958	0.923227966358	0.428525017338
0.000000000000	0.000000000000	0.000000000000	1.000000000000
8	37	60
0.794868195134	-0.449633451698	0.407448538442	-1.407169706548
0.306963941187	0.877199255849	0.369180991315	-0.691988323300
-0.523409678144	-0.168378219053	0.835279045693	1.023831006177
0.000000000000	0.000000000000	0.000000000000	1.000000000000
8	38	60
-0.147769985954	-0.590649614625	0.793282461671	-0.987803088453
0.407821563190	0.694333802187	0.592943626104	-0.849305681284
-0.901024752073	0.411136964871	0.138277952938	1.477396905949
0.000000000000	0.000000000000	0.000000000000	1.000000000000
9	10	60
0.845262788544	0.179815021644	-0.503187217935	0.257353765545
-0.249277423707	0.965625793766	-0.073672195866	-0.190036722586
0.472643189237	0.187705579045	0.861031376468	0.412184385271
0.000000000000	0.000000000000	0.000000000000	1.000000000000
9	11	60
0.821301925622	-0.094441127761	-0.562622449212	0.380026714879
-0.186075181147	0.887924346140	-0.420673724510	-0.237426807598
0.539295071302	0.450190214153	0.711680825336	0.420478948025
0.000000000000	0.000000000000	0.000000000000	1.000000000000
9	32	60
0.601829253190	-0.225701054907	0.766068263158	-1.949680789197
0.470662805269	0.875187697442	-0.111906291080	-0.242308778318
-0.645196151369	0.427908317353	0.632942650007	-0.471490824453
0.000000000000	0.000000000000	0.000000000000	1.000000000000
9	33	60
0.954895603331	-0.061426585103	0.290518779739	-1.893908425682
0.114890801249	0.978598753100	-0.170717849740	-0.275859804461
-0.273814701079	0.196395659509	0.941516996341	-0.330039952611
0.000000000000	0.000000000000	0.000000000000	1.000000000000
9	35	60
0.835342923687	-0.306969788832	0.456039196331	-1.745796396675
0.251975171956	0.951100000861	0.178654138152	-0.391519331919
-0.488580303086	-0.034326915179	0.871843420765	0.085146226070
0.000000000000	0.000000000000	0.000000000000	1.000000000000
9	36	60
0.585426841506	-0.413718196820	0.697217804466	-1.387208580865
0.391435890589	0.897353194318	0.203801835631	-0.553653826795
-0.709967151919	0.153605007299	0.687278797090	0.434545604122
0.000000000000	0.000000000000	0.000000000000	1.000000000000
9	37	60
0.377273279373	-0.578401997567	0.723267586638	-0.987149151749
0.376894326725	0.809273743374	0.450584814177	-0.528184374551
-0.845940623894	0.102601839628	0.523313790523	0.904395697238
0.000000000000	0.000000000000	0.000000000000	1.000000000000
10	11	60
0.998974181719	-0.028660799926	-0.035059133006	0.076478735735
0.013823842250	0.930274986743	-0.366602441925	-0.020185260853
0.043121753733	0.365741722514	0.929716896032	-0.029010300655
0.000000000000	0.000000000000	0.000000000000	1.000000000000
10	12	60
0.945584392007	-0.059424676090	-0.319904463028	0.136358139597
-0.046762935142	0.948154568497	-0.314350349348	-0.030801295425
0.321999045791	0.312204455622	0.893781288907	0.353588228841
0.000000000000	0.000000000000	0.000000000000	1.000000000000
10	32	60
0.107580624387	-0.093745823933	0.989766704710	-2.367028897555
0.298654851235	0.952611403230	0.057764991730	-0.499660583407
-0.948278276188	0.289384234074	0.130480174658	0.493287639106
0.000000000000	0.000000000000	0.000000000000	1.000000000000
10	33	60
0.552489196097	-0.200349080257	0.809083391398	-2.259194038363
0.291291732639	0.955887548581	0.037790487750	-0.577799187991
-0.780964029064	0.214800466733	0.586477573995	0.633292690184
0.000000000000	0.000000000000	0.000000000000	1.000000000000
10	35	60
0.446538094164	-0.471566932163	0.760413281677	-1.811169042376
0.317986527840	0.878004988463	0.357759428033	-0.484188450284
-0.836354170536	0.082047966001	0.542014605618	0.628599646643
0.000000000000	0.000000000000	0.000000000000	1.000000000000
10	36	60
0.094035390707	-0.430994534874	0.897441394300	-1.341197792636
0.231808522396	0.886138540594	0.401277081102	-0.673914077923
-0.968205636339	0.170300316447	0.183236590175	0.971425656729
0.000000000000	0.000000000000	0.000000000000	1.000000000000
11	12	60
0.958028020583	-0.041826865880	-0.283606814215	0.073664945411
0.053956580001	0.997926538465	0.035090045635	0.145021849179
0.281551059763	-0.048919700722	0.958298420967	0.360500056004
0.000000000000	0.000000000000	0.000000000000	1.000000000000
11	32	60
0.113061229925	-0.186574432302	-0.975913489762	3.168806133411
-0.923151952119	0.343501293765	-0.172619044373	0.292360882093
0.367433846544	0.920432964638	-0.133399872641	1.660945057890
0.000000000000	0.000000000000	0.000000000000	1.000000000000
11	33	60
-0.385874321084	-0.080182988931	-0.919060224694	3.011371562783
-0.810764003378	0.504807197901	0.296363668107	0.200294922108
0.440184892010	0.859500076343	-0.259801615877	1.690573326243
0.000000000000	0.000000000000	0.000000000000	1.000000000000
13	14	60
0.913205689223	0.069278621001	-0.401566733985	0.018975032189
-0.045367528022	0.996600887327	0.068763789750	-0.115833053078
0.404965623939	-0.044577393956	0.913244599971	0.435590202670
0.000000000000	0.000000000000	0.000000000000	1.000000000000
13	15	60
0.896861054097	0.188883387141	-0.399954142003	-0.001777094874
-0.074423246942	0.955784686812	0.284493959109	-0.139666337562
0.436006226972	-0.225385666175	0.871263376669	0.566352217964
0.000000000000	0.000000000000	0.000000000000	1.000000000000
13	16	60
0.891431986712	0.169308531914	-0.420337524006	-0.262482548644
-0.074569395865	0.969742835534	0.232461261568	-0.161858919677
0.446976977334	-0.175879089009	0.877085017420	0.901393558206
0.000000000000	0.000000000000	0.000000000000	1.000000000000
14	15	60
0.999183738931	0.033647036149	-0.022354704544	0.026517588539
-0.028428955946	0.978844959862	0.202618703521	0.008432652564
0.028699308714	-0.201817792850	0.979002516937	0.118938104091
0.000000000000	0.000000000000	0.000000000000	1.000000000000
14	16	60
0.999525643036	0.011834167681	-0.028433103746	-0.099008746973
-0.008106307713	0.991764586342	0.127817420773	-0.019221285562
0.029711558165	-0.127526302201	0.991390067309	0.546519544732
0.000000000000	0.000000000000	0.000000000000	1.000000000000
15	16	60
0.999608781694	-0.025941471839	-0.010455792599	-0.082165399067
0.025301633905	0.998037881919	-0.057273148818	-0.144633932571
0.011921026877	0.056986193877	0.998303792853	0.420656885644
0.000000000000	0.000000000000	0.000000000000	1.000000000000
15	57	60
0.823130851587	-0.059635027055	0.564711665112	-2.254302548477
0.236423847680	0.940168544094	-0.245330130529	-0.433728379687
-0.516293875049	0.335450103958	0.787980876888	0.218794249068
0.000000000000	0.000000000000	0.000000000000	1.000000000000
16	24	60
0.963496105891	0.208809027946	-0.167553107346	-0.215536860310
-0.092004344176	0.845978598452	0.525219393791	-0.530558559673
0.251416893995	-0.490631226900	0.834308422950	1.392033666577
0.000000000000	0.000000000000	0.000000000000	1.000000000000
16	55	60
0.705294607315	-0.178440163013	0.686089371086	-1.770140159661
0.212138013132	0.976579512179	0.035915453173	-0.226735962269
-0.676429582645	0.120214660571	0.726630205198	0.167911101925
0.000000000000	0.000000000000	0.000000000000	1.000000000000
16	56	60
0.724845931072	-0.085532584788	0.683580685178	-1.846155115418
0.222416824917	0.968181078255	-0.114700286414	-0.560601625861
-0.652019272877	0.235179881472	0.720806001049	0.136663481984
0.000000000000	0.000000000000	0.000000000000	1.000000000000
16	57	60
0.721398649110	-0.045761924908	0.691006393090	-2.464345958446
0.271584549100	0.936577556323	-0.221504658376	-0.258020455138
-0.637044599500	0.347459821016	0.688074015660	0.212696005340
0.000000000000	0.000000000000	0.000000000000	1.000000000000
16	58	60
0.498275048035	0.038281970383	0.866173462564	-2.667271636907
0.329289136111	0.915812960051	-0.229902777369	0.132751908441
-0.802054013982	0.399776328647	0.443720909704	0.300838317845
0.000000000000	0.000000000000	0.000000000000	1.000000000000
17	18	60
0.996269571716	0.057562698895	-0.064292115914	-0.308536925995
-0.059515814324	0.997809308702	-0.028886870953	-0.139557244875
0.062488465481	0.032605508185	0.997512943534	0.303957819296
0.000000000000	0.000000000000	0.000000000000	1.000000000000
17	19	60
0.999886795326	0.008954203342	-0.012092095587	-0.584884657462
-0.009395015250	0.999274661930	-0.036903708666	-0.244035540793
0.011752881418	0.037013136416	0.999245664244	0.507238180476
0.000000000000	0.000000000000	0.000000000000	1.000000000000
17	20	60
0.884175501082	-0.195781720428	0.424149974930	-0.544021227624
0.132507177067	0.975758721196	0.174174527515	-0.219436237008
-0.447968225785	-0.097797934310	0.888684439344	0.477603002642
0.000000000000	0.000000000000	0.000000000000	1.000000000000
17	21	60
0.778401519737	-0.371260212188	0.506218262133	-0.540310694758
0.203203154574	0.911976243272	0.356381550700	-0.269941649869
-0.593969319108	-0.174542792903	0.785324940011	0.527412666151
0.000000000000	0.000000000000	0.000000000000	1.000000000000
17	22	60
0.708046540049	-0.545429158905	0.448527735755	-0.671301261618
0.287535040255	0.802800174807	0.522336558127	-0.368984052991
-0.644975734234	-0.240871152167	0.725249881284	0.640156730703
0.000000000000	0.000000000000	0.000000000000	1.000000000000
17	54	60
0.952099738098	-0.232380370056	0.198759785485	-1.463817316589
0.162591522922	0.935210277637	0.314556407144	0.072023741638
-0.258978928463	-0.267172416641	0.928196538670	-1.047883335442
0.000000000000	0.000000000000	0.000000000000	1.000000000000
17	55	60
0.940391188088	-0.155543628265	0.302441057187	-1.484364635212
0.153812556660	0.987653904907	0.029689417905	-0.070467760601
-0.303325090917	0.018599565268	0.952705592191	-1.134470248233
0.000000000000	0.000000000000	0.000000000000	1.000000000000
17	56	60
0.970495635645	0.034740704958	0.238602817698	-1.440463657838
0.045818616321	0.944963908955	-0.323950405420	0.174287290051
-0.236725316755	0.325324905582	0.915491578451	-1.149170837297
0.000000000000	0.000000000000	0.000000000000	1.000000000000
17	57	60
0.988807923686	-0.006158255138	0.149066984774	-1.694603157292
0.050838172769	0.953259762733	-0.297844430776	0.276032260894
-0.140265356540	0.302089226303	0.942903881160	-1.508715145458
0.000000000000	0.000000000000	0.000000000000	1.000000000000
17	58	60
0.801269474894	-0.021749168438	0.597908188834	-2.414335257150
0.140796134324	0.978128621848	-0.153104042018	-0.032604715061
-0.581501227137	0.206860757020	0.786806806048	-1.358331066354
0.000000000000	0.000000000000	0.000000000000	1.000000000000
18	19	60
0.995537050705	-0.077047773291	0.054494231855	-0.244581434163
0.076298265561	0.996961327416	0.015706250636	-0.160609696967
-0.055538773365	-0.011478339062	0.998390551030	0.216015061184
0.000000000000	0.000000000000	0.000000000000	1.000000000000
18	20	60
0.778645621697	-0.304559341058	0.548593295243	-0.283796496530
0.265355146053	0.952103106388	0.151941835153	-0.017823048896
-0.568592685738	0.027263209289	0.822167303622	0.207641025229
0.000000000000	0.000000000000	0.000000000000	1.000000000000
18	21	60
0.819855846955	-0.385189084362	0.423633992382	-0.117434976325
0.199186591094	0.885540684368	0.419693219218	-0.149267874270
-0.536806382359	-0.259705728890	0.802740208437	0.220516458315
0.000000000000	0.000000000000	0.000000000000	1.000000000000
18	22	60
0.776331454846	-0.418759336774	0.471115792647	-0.244525715310
0.169978187319	0.858811794161	0.483269819092	-0.206141999261
-0.606973548067	-0.295098153287	0.737902562588	0.390087861101
0.000000000000	0.000000000000	0.000000000000	1.000000000000
18	23	60
0.971515352926	-0.163629543228	0.171415552423	-0.379707990585
0.087282481189	0.919567138523	0.383116230701	-0.235753170177
-0.220317242873	-0.357241725351	0.907655585650	0.507290107392
0.000000000000	0.000000000000	0.000000000000	1.000000000000
18	54	60
0.934779973705	-0.185018227272	0.303240261736	-1.260383853693
0.099148816402	0.955619242836	0.277419132230	0.383846481682
-0.341109825375	-0.229259936095	0.911638068937	-1.220523417233
0.000000000000	0.000000000000	0.000000000000	1.000000000000
18	55	60
0.900221277339	-0.114353436369	0.420148715834	-1.398636809199
0.139622329880	0.989757144725	-0.029772461530	0.264122037116
-0.412440610058	0.085463945948	0.906966734295	-1.243311085782
0.000000000000	0.000000000000	0.000000000000	1.000000000000
18	56	60
0.936783755418	-0.032053888760	0.348437575185	-1.302609092718
0.145769383133	0.941020925485	-0.305337362176	0.279350134032
-0.318099799633	0.336826611204	0.886205592094	-1.355011374581
0.000000000000	0.000000000000	0.000000000000	1.000000000000
18	57	60
0.956742979653	-0.147410897597	0.250824436915	-1.566015869013
0.213027282797	0.942126375163	-0.258876939890	0.182232929172
-0.198147035476	0.301111143089	0.932775338353	-1.730420471883
0.000000000000	0.000000000000	0.000000000000	1.000000000000
18	58	60
0.796883217182	-0.050777929623	0.601995631244	-2.061424652567
0.187325299774	0.968116977479	-0.166309199932	0.167466397071
-0.574357354125	0.245298022375	0.780988162510	-1.679291091941
0.000000000000	0.000000000000	0.000000000000	1.000000000000
19	20	60
0.866789603683	-0.179040167522	0.465424968563	0.022615286682
0.113861347214	0.979727577635	0.164831632983	0.063719317579
-0.485501160203	-0.089880431880	0.869603433415	-0.011194463235
0.000000000000	0.000000000000	0.000000000000	1.000000000000
19	22	60
0.858054310142	-0.272258594389	0.435451557154	0.035016874290
0.096321028886	0.918179765367	0.384276173948	-0.035963769012
-0.504445299553	-0.287786685326	0.814072333093	0.126477493723
0.000000000000	0.000000000000	0.000000000000	1.000000000000
19	23	60
0.986516250137	-0.097293552496	0.131604152132	-0.122809630545
0.026586713938	0.888702805555	0.457712213121	-0.162004957168
-0.161489426458	-0.448041614185	0.879306475071	0.298357761828
0.000000000000	0.000000000000	0.000000000000	1.000000000000
19	54	60
0.971329873377	-0.110710216973	0.210384231688	-0.773711425010
0.078134886861	0.984454274457	0.157304548438	0.811858726064
-0.224528876852	-0.136356258976	0.964880176031	-1.452590690901
0.000000000000	0.000000000000	0.000000000000	1.000000000000
19	55	60
0.947871857765	-0.124200693137	0.293450386066	-0.855865673536
0.116008700547	0.992217833317	0.045229997187	0.211525863479
-0.296784303250	-0.008829443497	0.954903721991	-1.649101438385
0.000000000000	0.000000000000	0.000000000000	1.000000000000
19	56	60
0.975457161354	-0.068508483227	0.209260397802	-0.718204289147
0.122920491564	0.957920961899	-0.259379998282	0.270274285557
-0.182685191288	0.278736467799	0.942831958730	-1.737249154833
0.000000000000	0.000000000000	0.000000000000	1.000000000000
19	57	60
0.987665355687	-0.100817246293	0.119804123574	-1.011224134081
0.131443781036	0.949622504749	-0.284498911950	0.447182487197
-0.085086295031	0.296737226050	0.951161048968	-2.079624232224
0.000000000000	0.000000000000	0.000000000000	1.000000000000
19	58	60
0.848731281243	-0.106763952664	0.517935006204	-1.513663604299
0.168314966206	0.983012908557	-0.073182605595	0.015558387945
-0.501323532652	0.149288579677	0.852283776442	-2.102996271323
0.000000000000	0.000000000000	0.000000000000	1.000000000000
20	21	60
0.995838778843	-0.045765073963	0.078807896546	0.000134601758
0.036078427334	0.992090676102	0.120226608838	-0.044589107456
-0.083686759012	-0.116883054361	0.989613499286	0.030097572297
0.000000000000	0.000000000000	0.000000000000	1.000000000000
20	22	60
0.986177066164	-0.107615450051	0.125990908732	-0.143332188591
0.076730753803	0.970541191442	0.228390426976	-0.104311581045
-0.146857705258	-0.215566023816	0.965382879371	0.105817060033
0.000000000000	0.000000000000	0.000000000000	1.000000000000
20	23	60
0.926638413913	0.268692844882	-0.262955138701	-0.317290108736
-0.152416438813	0.907867635827	0.390570845042	-0.244633924206
0.343672051584	-0.321839262562	0.882218232658	0.157523571903
0.000000000000	0.000000000000	0.000000000000	1.000000000000
20	54	60
-0.198634408826	0.859991551047	0.470062659395	-0.021020479850
-0.817719041607	-0.409810964931	0.404215959625	-0.214110044550
0.540259142101	-0.304087989158	0.784634025662	-0.279865540927
0.000000000000	0.000000000000	0.000000000000	1.000000000000
20	55	60
0.963383718217	0.097233531667	-0.249874872275	0.166428008404
-0.137703409681	0.979060139240	-0.149930032725	0.589199565412
0.230064300658	0.178848774305	0.956599986145	-1.719928377834
0.000000000000	0.000000000000	0.000000000000	1.000000000000
20	56	60
0.957069791417	0.001024833670	-0.289855764256	0.126863842062
-0.111971491941	0.923675316076	-0.366450945509	0.485695139803
0.267357063398	0.383174712355	0.884136494249	-1.820217429939
0.000000000000	0.000000000000	0.000000000000	1.000000000000
20	57	60
0.937014166344	0.142700678847	-0.318811807070	-0.286323864971
-0.216295392022	0.953735847748	-0.208816273578	0.352594399703
0.274264025094	0.264621331298	0.924529499563	-2.286886330216
0.000000000000	0.000000000000	0.000000000000	1.000000000000
20	58	60
0.978723234355	0.204818329285	-0.012258977246	-0.626200546314
-0.204525417883	0.969048690817	-0.138253348116	0.000319601151
-0.016437273929	0.137819036473	0.990321023311	-2.536587603430
0.000000000000	0.000000000000	0.000000000000	1.000000000000
21	22	60
0.987431185094	-0.074289714876	-0.139501587689	-0.077002685001
0.087266978750	0.992171462027	0.089332325389	-0.061989737010
0.131773021230	-0.100383406015	0.986184081535	0.053502581568
0.000000000000	0.000000000000	0.000000000000	1.000000000000
21	54	60
0.093791613687	0.994608064932	-0.044248507035	0.898989240028
-0.921947032719	0.069992298759	-0.380939295656	0.010701877908
-0.375788240985	0.076523691020	0.923540644829	-0.623257555668
0.000000000000	0.000000000000	0.000000000000	1.000000000000
21	55	60
-0.048613631110	0.996849039567	0.062679400007	0.065073712061
-0.987707912153	-0.038644506421	-0.151458517070	-0.369692485546
-0.148559062800	-0.069271887793	0.986474333382	-0.715803864642
0.000000000000	0.000000000000	0.000000000000	1.000000000000
21	56	60
0.773742583317	-0.226234497273	-0.591726598190	1.195474724800
-0.204909576918	0.794470388269	-0.571689485168	1.026319033826
0.599445143486	0.563590945995	0.568357955468	-1.397556894019
0.000000000000	0.000000000000	0.000000000000	1.000000000000
21	57	60
0.924601920756	-0.125828113472	-0.359553297849	-0.030120246730
-0.031205107594	0.915680604315	-0.400693489017	0.720531308818
0.379654486861	0.381701868925	0.842713565730	-2.316606015125
0.000000000000	0.000000000000	0.000000000000	1.000000000000
21	58	60
0.349090037087	0.823841636934	-0.446565900244	0.922743844109
-0.806952948390	0.506552914669	0.303695709099	-1.090926695123
0.476406428474	0.254340523500	0.841634013699	-2.330448550258
0.000000000000	0.000000000000	0.000000000000	1.000000000000
22	23	60
0.908657049397	0.249001012862	-0.335172884009	-0.208164545760
-0.253558211673	0.966827729380	0.030860573462	-0.027641027458
0.331738752445	0.056944159446	0.941651083380	0.007452886880
0.000000000000	0.000000000000	0.000000000000	1.000000000000
22	54	60
0.828531563738	0.319467387863	-0.459865236761	0.878526000626
-0.398904002919	0.913103317306	-0.084367816023	1.196526561253
0.392951707396	0.253343482287	0.883971739162	-1.176782650034
0.000000000000	0.000000000000	0.000000000000	1.000000000000
22	55	60
0.934719030041	0.270900714767	-0.230028558265	0.225878596715
-0.344161590459	0.851398300338	-0.395820330244	1.166033102203
0.088617913154	0.449147789619	0.889051814321	-1.648429111067
0.000000000000	0.000000000000	0.000000000000	1.000000000000
22	56	60
0.963510453913	0.124632457694	-0.236884688593	-0.009544146688
-0.250097542215	0.734550467531	-0.630782712214	1.306516006519
0.095387759063	0.667010015771	0.738917325742	-1.657352044849
0.000000000000	0.000000000000	0.000000000000	1.000000000000
22	57	60
0.885995673870	-0.041831326056	-0.461802778298	0.427319416965
-0.274033407211	0.756161027028	-0.594244219944	1.584168035983
0.374055286844	0.653047196889	0.658492217889	-1.891824476226
0.000000000000	0.000000000000	0.000000000000	1.000000000000
22	58	60
0.999504929355	0.026734339655	0.016588287390	-0.285945503642
-0.016084936431	0.887322778598	-0.460868269033	1.114904704227
-0.027040174100	0.460373285134	0.887313511291	-2.462278458144
0.000000000000	0.000000000000	0.000000000000	1.000000000000
23	24	60
0.740232004891	0.499161894914	-0.450437544617	0.108528918078
-0.450500080743	0.865541298532	0.218833127716	0.183340769878
0.499105455976	0.040934865353	0.865573844691	-0.059392143501
0.000000000000	0.000000000000	0.000000000000	1.000000000000
23	54	60
0.979893056329	0.114758652383	0.163217798853	-0.372522368098
-0.144962143319	0.971570500571	0.187181033825	0.588453042343
-0.137096955340	-0.207077797271	0.968670847457	-1.826017557902
0.000000000000	0.000000000000	0.000000000000	1.000000000000
23	55	60
0.986901335191	0.093873304341	0.131200447141	-0.343524338297
-0.050563686087	0.952280291681	-0.301007574199	0.929298248804
-0.153196175694	0.290430798656	0.944553271629	-1.783639636243
0.000000000000	0.000000000000	0.000000000000	1.000000000000
23	56	60
0.975774681459	0.210149228168	0.060836444046	-0.458435969374
-0.109732096274	0.710681799798	-0.694903048262	1.479331174861
-0.189268692792	0.671393090028	0.716525422153	-1.542459815133
0.000000000000	0.000000000000	0.000000000000	1.000000000000
23	57	60
0.017838832594	-0.976119310892	0.216501424836	-0.046764093899
0.068351315364	-0.214838741597	-0.974254798704	2.943859570938
0.997501816409	0.032177725423	0.062886566505	-0.299257112628
0.000000000000	0.000000000000	0.000000000000	1.000000000000
23	58	60
0.861586136670	-0.136701998241	0.488857742881	-1.388107774720
0.412594682263	0.749596167289	-0.517562763492	1.439509071948
-0.295694026428	0.647625006978	0.702244183366	-1.962939526793
0.000000000000	0.000000000000	0.000000000000	1.000000000000
24	25	60
0.918368762902	0.129214458352	-0.374035344691	-0.148350398988
-0.226632439284	0.946568060285	-0.229448566596	-0.028906172349
0.324401838450	0.295486938801	0.898582726413	-0.092040011365
0.000000000000	0.000000000000	0.000000000000	1.000000000000
25	26	60
0.907458354577	0.265686920527	-0.325468577545	-0.052231816995
-0.262081716027	0.963434240735	0.055746191837	0.031674859360
0.328378605931	0.034712015797	0.943908134898	-0.131094593186
0.000000000000	0.000000000000	0.000000000000	1.000000000000
26	27	60
0.971216117658	0.076161026969	-0.225696147004	-0.074327697636
-0.083197975441	0.996294150806	-0.021818843971	0.054959019200
0.223198005555	0.039968275429	0.973953380442	-0.081878504583
0.000000000000	0.000000000000	0.000000000000	1.000000000000
26	28	60
0.914150855578	0.023553351568	-0.404689328840	-0.208511057032
-0.088301637164	0.985908298387	-0.142083243366	0.163847384534
0.395640030989	0.165620248766	0.903348713996	-0.240159667609
0.000000000000	0.000000000000	0.000000000000	1.000000000000
26	50	60
0.992736882725	-0.120284677159	0.002253468094	-1.902699140835
0.119554800465	0.988456496608	0.093061291628	0.093385801606
-0.013421302597	-0.092115963625	0.995657831728	-0.445159285866
0.000000000000	0.000000000000	0.000000000000	1.000000000000
26	51	60
0.844924016855	-0.227428669629	0.484127675281	-1.854742400120
0.257107161959	0.966368612968	0.005254630346	0.213631166996
-0.469040843649	0.120032929239	0.874981590028	-0.385627459137
0.000000000000	0.000000000000	0.000000000000	1.000000000000
27	28	60
0.980430229295	-0.020258391451	-0.195821763501	-0.137050187572
-0.002479299151	0.993341817265	-0.115177633020	0.026788879956
0.196851259992	0.113409133883	0.973852119057	-0.108543857156
0.000000000000	0.000000000000	0.000000000000	1.000000000000
27	50	60
0.941945205505	-0.246215404195	0.228291928378	-1.937527940270
0.236317914784	0.969139056232	0.070166465189	0.038315393051
-0.238522688602	-0.012143492996	0.971060998393	0.122601035986
0.000000000000	0.000000000000	0.000000000000	1.000000000000
27	51	60
0.701366587316	-0.231954366323	0.674004511958	-1.796812288187
0.252859915266	0.965040209977	0.068987363909	-0.011728022471
-0.666443376025	0.122043291790	0.735498920109	0.121066448379
0.000000000000	0.000000000000	0.000000000000	1.000000000000
28	50	60
0.854609558490	-0.268581432128	0.444417052839	-1.803137767943
0.176341922113	0.955096707604	0.238104610687	-0.129892679699
-0.488411741304	-0.125117118896	0.863596941585	0.644712310305
0.000000000000	0.000000000000	0.000000000000	1.000000000000
28	51	60
0.450774300216	-0.322310395683	0.832417286642	-1.799609260365
0.199509889761	0.945324209248	0.257988261938	-0.304194544271
-0.870056512045	0.049781002854	0.490431970412	0.728448695420
0.000000000000	0.000000000000	0.000000000000	1.000000000000
29	41	60
0.054045463454	-0.189670165712	0.980359279101	-1.807800106829
0.213962919247	0.961189912820	0.174166072126	-0.069393593467
-0.975345557773	0.200347647181	0.092530336656	4.111996477062
0.000000000000	0.000000000000	0.000000000000	1.000000000000
29	42	60
0.534797648417	-0.036719196289	0.844181956613	-1.904568279276
0.244994795034	0.962878550970	-0.113324518480	0.818623688155
-0.808683513900	0.267425871423	0.523941196738	1.891891007635
0.000000000000	0.000000000000	0.000000000000	1.000000000000
29	43	60
0.964368676459	0.104478476196	0.243058231451	-0.356496376134
-0.035847659520	0.961849635908	-0.271219879821	0.760186781854
-0.262122111184	0.252842887807	0.931322969175	-0.342339795217
0.000000000000	0.000000000000	0.000000000000	1.000000000000
29	45	60
-0.197409942861	0.979890434815	-0.029052542366	0.429005409020
-0.913054089281	-0.194572094161	-0.358432602062	1.637899582236
-0.356877492295	-0.044231616881	0.933103434546	0.333506756966
0.000000000000	0.000000000000	0.000000000000	1.000000000000
29	47	60
-0.250256577139	-0.934345013017	0.253714489630	-0.105882682195
0.729819311564	-0.354246774751	-0.584699063661	1.595544181447
0.636188193907	0.038840947827	0.770555619476	-0.069470378237
0.000000000000	0.000000000000	0.000000000000	1.000000000000
29	48	60
-0.966739795413	-0.110115818481	-0.230843398182	1.536258706732
0.249633482200	-0.602645003193	-0.757959184054	2.278867292424
-0.055653324507	-0.790375547855	0.610089502307	1.839595790237
0.000000000000	0.000000000000	0.000000000000	1.000000000000
29	49	60
-0.914856500090	0.221348701371	0.337701549663	0.828485938765
0.252914126307	-0.337825583147	0.906591594979	-0.722455970660
0.314757095167	0.914810705978	0.253079717222	1.869513947938
0.000000000000	0.000000000000	0.000000000000	1.000000000000
29	50	60
0.617304951085	-0.347563152841	0.705786406892	-1.410803089054
0.214600237374	0.937490251524	0.273968550051	0.049274737722
-0.756889249154	-0.017660211934	0.653304508962	1.028779028613
0.000000000000	0.000000000000	0.000000000000	1.000000000000
31	32	60
0.907855309471	0.226853458792	-0.352613450254	-0.082799098917
-0.151609965277	0.961698341206	0.228365319061	-0.077305077804
0.390913232693	-0.153862954459	0.907476190184	-0.135213617037
0.000000000000	0.000000000000	0.000000000000	1.000000000000
32	33	60
0.849347049302	0.154653269417	-0.504670145839	-0.081232673360
-0.110982903764	0.987064620509	0.115698876453	0.070337022813
0.516035255495	-0.042258741095	0.855524291816	0.096140761088
0.000000000000	0.000000000000	0.000000000000	1.000000000000
32	35	60
0.940232067533	0.188767780443	-0.283426153078	-0.169660713248
-0.067604280727	0.919202345122	0.387939054426	0.099371302831
0.333756378829	-0.345591918002	0.877025031457	0.511488446177
0.000000000000	0.000000000000	0.000000000000	1.000000000000
32	36	60
0.987439439317	0.050662770000	0.149655061446	-0.493788306829
-0.093650769365	0.950545755780	0.296128856353	0.039372758940
-0.127251275349	-0.306424623527	0.943350975522	1.048428941045
0.000000000000	0.000000000000	0.000000000000	1.000000000000
33	34	60
0.931105532440	0.237438924222	-0.276884894358	-0.020115610677
-0.132005487038	0.927009627286	0.351038035419	0.067886509933
0.340025056211	-0.290303131542	0.894487033425	0.123082859853
0.000000000000	0.000000000000	0.000000000000	1.000000000000
33	35	60
0.979304217363	-0.110805783418	0.169367435523	0.179610963859
0.052458829294	0.947188230992	0.316358224642	-0.028455334993
-0.195477162563	-0.300926126202	0.933398170925	0.386811182793
0.000000000000	0.000000000000	0.000000000000	1.000000000000
33	36	60
0.823759076899	-0.332093886913	0.459493888426	0.357629050840
0.209061586426	0.931298407104	0.298289339412	-0.142235307555
-0.526985992515	-0.149656029616	0.836593590994	0.891564764342
0.000000000000	0.000000000000	0.000000000000	1.000000000000
34	35	60
0.795664847463	-0.287909786541	0.532940339367	0.062557782753
0.284445737558	0.954372046924	0.090909946848	-0.175529843992
-0.534797225961	0.079258758914	0.841255000722	0.246604744411
0.000000000000	0.000000000000	0.000000000000	1.000000000000
35	36	60
0.897824084823	-0.273517919843	0.345108476043	-0.002535177453
0.306230101640	0.950987307209	-0.042968201925	-0.269583103917
-0.316441207117	0.144260490265	0.937578729167	0.465419999682
0.000000000000	0.000000000000	0.000000000000	1.000000000000
35	37	60
-0.646009681205	0.600612286231	-0.471101234787	1.546029499487
-0.758805350086	-0.572381182358	0.310796111243	0.162338749875
-0.082981518852	0.558251434132	0.825511601262	0.919119074569
0.000000000000	0.000000000000	0.000000000000	1.000000000000
36	37	60
0.950412837066	0.054928016929	0.306101865557	-0.076576155343
-0.107438106150	0.981668486729	0.157429462016	-0.067801849275
-0.291843266991	-0.182509986357	0.938891693643	0.623973332445
0.000000000000	0.000000000000	0.000000000000	1.000000000000
37	38	60
0.498449210036	-0.380524700820	0.778941164068	0.006194822234
0.539744113222	0.839343268511	0.064646499121	-0.300657734666
-0.678398612363	0.388205911434	0.623755956341	0.530579493458
0.000000000000	0.000000000000	0.000000000000	1.000000000000
38	39	60
0.926803172448	-0.029098286616	0.374418441395	-0.178533204245
0.107657230421	0.975735885417	-0.190655193079	-0.118531900127
-0.359785769978	0.217008690208	0.907447755023	0.062702181291
0.000000000000	0.000000000000	0.000000000000	1.000000000000
38	40	60
0.925776518807	-0.044392724880	0.375455887160	-0.176638183503
0.062603308552	0.997373127787	-0.036437202506	-0.249565812698
-0.372852065816	0.057237487243	0.926123753648	0.337025242880
0.000000000000	0.000000000000	0.000000000000	1.000000000000
38	41	60
0.838679085247	-0.138598906092	0.526695106490	-0.129955814289
0.133931536770	0.989865119866	0.047216394726	-0.488782036627
-0.527901255377	0.030941682284	0.848741937734	0.480465662928
0.000000000000	0.000000000000	0.000000000000	1.000000000000
38	46	60
0.930971076842	0.040217274419	0.362871085816	-0.277979943352
0.072914062332	0.953410076994	-0.292733265279	-0.037913180776
-0.357737883928	0.298984608174	0.884664801198	-0.153775444101
0.000000000000	0.000000000000	0.000000000000	1.000000000000
38	47	60
0.846607075447	-0.128499049503	0.516473091341	-0.091423824052
0.148598114357	0.988894622642	0.002454733997	-0.359776860655
-0.511052893752	0.074668732319	0.856299900853	0.445223691742
