0	1	57
0.823942595117	-0.333195603205	0.458365890918	-0.220619440718
0.227864538701	0.935404410592	0.270363349305	-0.018782859621
-0.518841355286	-0.118318547361	0.846642999968	-0.036592789984
0.000000000000	0.000000000000	0.000000000000	1.000000000000
0	14	57
0.955650250918	0.061707384719	-0.287966658820	0.689497762763
-0.055097983373	0.997999329092	0.031008891621	-0.025694918817
0.289304009908	-0.013767272878	0.957138261720	0.137312905160
0.000000000000	0.000000000000	0.000000000000	1.000000000000
0	24	57
0.498502556883	-0.365270609199	0.786175923593	-1.294041985885
0.313252644968	0.921516111342	0.229523064106	-0.323640421579
-0.808311809392	0.131853853155	0.573800122173	1.112661610321
0.000000000000	0.000000000000	0.000000000000	1.000000000000
0	25	57
0.579871721495	-0.382047713999	0.719575104376	-1.324908106104
0.350643222696	0.914275424615	0.202854081355	-0.049896980152
-0.735389772153	0.134684788202	0.664124906053	0.425429811299
0.000000000000	0.000000000000	0.000000000000	1.000000000000
0	26	57
0.882386258793	-0.273281275948	0.383029808906	-1.776309363393
0.229253886292	0.960585662322	0.157219085872	0.122449307044
-0.410897975067	-0.050916888736	0.910258383388	-0.155831727844
0.000000000000	0.000000000000	0.000000000000	1.000000000000
1	2	57
0.710855779643	-0.085040958195	0.698177696563	-0.406693443311
0.443124763554	0.825023595901	-0.350680068056	-0.106966812954
-0.546190904789	0.558662779891	0.624156545980	-0.163211039597
0.000000000000	0.000000000000	0.000000000000	1.000000000000
1	14	57
0.622028805662	0.325944736089	-0.711927098756	0.649339668426
-0.367708375757	0.924339346180	0.101918219675	-0.472540174600
0.691281936206	0.198385488681	0.694818309025	0.553118352639
0.000000000000	0.000000000000	0.000000000000	1.000000000000
1	15	57
0.896898052754	-0.292373262475	0.331800781126	0.109779901698
0.299890859316	0.953515171875	0.029568386874	-0.329396733436
-0.325022084580	0.072984192763	0.942885969851	0.458343989168
0.000000000000	0.000000000000	0.000000000000	1.000000000000
1	16	57
0.507724320035	-0.305807888053	0.805417624869	-0.613917374298
0.456470818768	0.888357784612	0.049546323101	-0.104574178446
-0.730650673344	0.342493769467	0.590633229186	0.130062963806
0.000000000000	0.000000000000	0.000000000000	1.000000000000
1	23	57
0.164707610375	-0.398652401553	0.902190482005	-1.833767729280
0.569511289092	0.785242570908	0.243004107846	-0.354269847943
-0.805312544718	0.473783038499	0.356372470527	0.832681691020
0.000000000000	0.000000000000	0.000000000000	1.000000000000
1	24	57
0.880259667167	-0.167016028522	0.444126743819	-1.609759574851
0.226337272519	0.970449751515	-0.083658345987	-0.112337466434
-0.417030403481	0.174163503643	0.892049727634	0.435183622008
0.000000000000	0.000000000000	0.000000000000	1.000000000000
1	25	57
0.949912077151	-0.155586165639	0.271035036010	-1.073351181312
0.185240351268	0.978803735536	-0.087345632760	0.212927647387
-0.251700333621	0.133177296722	0.958598325522	-0.156983415864
0.000000000000	0.000000000000	0.000000000000	1.000000000000
2	15	57
0.946584948861	0.187514319937	-0.262326732165	-0.094780971366
-0.022947569887	0.850641827678	0.525244600202	0.112916349052
0.321636974905	-0.491168872002	0.809507748913	0.835171818765
0.000000000000	0.000000000000	0.000000000000	1.000000000000
2	16	57
0.967588107809	0.023245918456	0.251461489896	-0.265584660930
-0.113302697621	0.929867517106	0.350012713116	0.040313153392
-0.225689504270	-0.367159403946	0.902362576660	0.086763543435
0.000000000000	0.000000000000	0.000000000000	1.000000000000
2	23	57
0.849095190458	-0.191061068074	0.492476421575	-1.495226670441
0.030147536049	0.948304814350	0.315925790576	0.469640375506
-0.527378880513	-0.253404118647	0.810961077390	-0.369801812984
0.000000000000	0.000000000000	0.000000000000	1.000000000000
3	4	57
0.957522943070	0.042269280190	0.285242215402	-0.001057226949
0.164407381344	0.732638264978	-0.660463008540	0.309511803555
-0.236896657754	0.679304409409	0.694568566019	-0.484229318753
0.000000000000	0.000000000000	0.000000000000	1.000000000000
3	12	57
0.761488842873	-0.194195070288	0.618403603528	-1.547233821543
0.359955242458	0.920121829835	-0.154298547263	-0.304224599269
-0.539042638024	0.340094241257	0.770564041113	0.598054117834
0.000000000000	0.000000000000	0.000000000000	1.000000000000
3	16	57
0.812544202319	0.334776038799	-0.477175987580	-0.091428046063
-0.388769616170	0.921201052919	-0.015710049160	-0.134145481564
0.434315674159	0.198276634901	0.878667326826	0.041925692648
0.000000000000	0.000000000000	0.000000000000	1.000000000000
3	17	57
0.965048341480	-0.029445100858	0.260412527812	-0.260203681612
0.060055301920	0.992073291529	-0.110380908432	0.349489586617
-0.255098136640	0.122162065595	0.959167019039	-0.565401999603
0.000000000000	0.000000000000	0.000000000000	1.000000000000
4	17	57
0.996130665774	0.087317471183	0.009967744545	-0.227863374188
-0.077701057384	0.822027803692	0.564121295148	-0.006221284005
0.041063881776	-0.562713025604	0.825631763215	-0.189121261117
0.000000000000	0.000000000000	0.000000000000	1.000000000000
5	6	57
0.874782725971	-0.015207949920	0.484276677739	0.006839458198
0.279951301407	0.831643653860	-0.479579088196	-0.030044393949
-0.395452210998	0.555101388265	0.731764987932	-0.109541369443
0.000000000000	0.000000000000	0.000000000000	1.000000000000
5	11	57
0.672004341217	-0.116358010276	0.731348739542	-1.744200590559
0.377045599547	0.903750023536	-0.202663540925	0.351319854211
-0.637374914197	0.411942603287	0.651196214938	-0.347316110190
0.000000000000	0.000000000000	0.000000000000	1.000000000000
5	13	57
0.545548033980	-0.355254744995	0.759059555489	-1.735461257052
0.513811714306	0.857307747995	0.031952268627	0.221375794373
-0.662098833153	0.372582194135	0.650236605975	-0.030178340581
0.000000000000	0.000000000000	0.000000000000	1.000000000000
5	17	57
0.563080110928	0.471599224277	-0.678627261712	0.198983334752
-0.465996032735	0.859369751551	0.210550059591	-0.026263896933
0.682486986068	0.197681060753	0.703657382586	-0.049240831712
0.000000000000	0.000000000000	0.000000000000	1.000000000000
5	18	57
0.890453429863	-0.204274821794	0.406650324514	0.108350209645
0.235150482002	0.971587974436	-0.026852537031	0.165135314514
-0.389611267882	0.119534953515	0.913189167056	-0.262096035588
0.000000000000	0.000000000000	0.000000000000	1.000000000000
5	22	57
0.982618673373	-0.068469470683	0.172547020616	0.344278330311
0.069676903798	0.997569164985	-0.000943476615	0.336277916763
-0.172062987932	0.012949619896	0.985000830217	-0.662083625830
0.000000000000	0.000000000000	0.000000000000	1.000000000000
5	32	57
-0.257011266097	0.780348025360	-0.570089614373	1.786352175988
-0.312061384275	0.491291364790	0.813173098010	-0.868041643664
0.914638126006	0.386897601698	0.117249069323	1.000091672971
0.000000000000	0.000000000000	0.000000000000	1.000000000000
6	18	57
0.999110667641	-0.021226708235	-0.036432137794	0.252420376948
0.036091263545	0.877274609523	0.478630003429	0.088945542477
0.021801250022	-0.479519224166	0.877260519545	-0.148060145636
0.000000000000	0.000000000000	0.000000000000	1.000000000000
7	8	57
0.743274185755	-0.021529253346	0.668640393665	-0.354840438876
0.373880472059	0.842190249180	-0.388495787363	0.116028521339
-0.554758395523	0.538750476043	0.634027639114	-0.343394935111
0.000000000000	0.000000000000	0.000000000000	1.000000000000
7	19	57
0.864180795185	0.086649249710	-0.495664665634	1.211970657010
-0.288688317724	0.892190586450	-0.347354304219	-0.553838244398
0.412129358871	0.443269517308	0.796028596586	0.300041576055
0.000000000000	0.000000000000	0.000000000000	1.000000000000
8	9	57
0.957406043346	-0.178542016304	0.226928218999	0.344421854730
0.095252275667	0.937209469449	0.335507696417	-0.046134175219
-0.272581496335	-0.299601666866	0.914296543287	0.212258725035
0.000000000000	0.000000000000	0.000000000000	1.000000000000
9	10	57
0.816232250634	0.258333123780	-0.516748401239	1.194522241500
-0.312274170273	0.949813371186	-0.018422879698	-0.130808781218
0.486055300975	0.176404526796	0.855939067528	-0.026248605424
0.000000000000	0.000000000000	0.000000000000	1.000000000000
9	25	57
0.182254645302	-0.354494902537	0.917124096478	-0.927337228396
0.454276274418	0.857585446877	0.241205861882	-0.256172280175
-0.872018526619	0.372666828925	0.317337555061	0.803463660943
0.000000000000	0.000000000000	0.000000000000	1.000000000000
9	26	57
-0.846299766300	-0.283772854102	-0.450832200309	0.472055029661
0.532695071771	-0.456467639690	-0.712652267538	1.805525034876
-0.003558942430	-0.843273538771	0.537472857675	1.122247077187
0.000000000000	0.000000000000	0.000000000000	1.000000000000
10	26	57
-0.007392487414	-0.482164025413	0.876049772403	-1.957705800938
0.414867978251	0.795640005315	0.441408589137	-0.589560414661
-0.909851587761	0.366708105364	0.194152655683	1.841270303078
0.000000000000	0.000000000000	0.000000000000	1.000000000000
10	29	57
-0.451128622737	-0.446193020396	0.772913160903	-3.100048977926
0.392978877949	0.678253567792	0.620918432053	-1.046801582903
-0.801280579593	0.583852623808	-0.130635165401	2.234562503712
0.000000000000	0.000000000000	0.000000000000	1.000000000000
11	13	57
0.989150845031	-0.098556749374	0.108936554596	-0.274644585163
0.072081039452	0.971764856737	0.224671731559	-0.033044888257
-0.128003630909	-0.214381973036	0.968326102153	0.236712390448
0.000000000000	0.000000000000	0.000000000000	1.000000000000
12	16	57
0.233002667206	0.432866408780	-0.870825142738	1.553548344229
-0.316114332862	0.880554872968	0.353121571490	-0.333581045996
0.919663789455	0.193002041030	0.342006910053	0.483065655989
0.000000000000	0.000000000000	0.000000000000	1.000000000000
12	17	57
0.907726228167	0.169820709566	-0.383658730255	1.869935580415
-0.128799870629	0.983059801563	0.130399462719	0.076761863804
0.399304004518	-0.068951817627	0.914222051157	-0.206668209932
0.000000000000	0.000000000000	0.000000000000	1.000000000000
13	18	57
0.860831503477	0.282751926709	-0.423108107419	1.160853308688
-0.196008644700	0.951510881643	0.237081533059	-0.876108103321
0.469627228580	-0.121154405853	0.874512364760	1.294163431332
0.000000000000	0.000000000000	0.000000000000	1.000000000000
13	22	57
0.730526864120	0.406952907665	-0.548379277272	1.581839450090
-0.287848234566	0.911713372463	0.293124752162	-0.790503251014
0.619252690472	-0.056285499158	0.783171786984	1.096015795230
0.000000000000	0.000000000000	0.000000000000	1.000000000000
13	27	57
-0.926036963622	-0.229241603259	0.299839672727	-0.041288683741
-0.175796002010	-0.441016745673	-0.880113626592	2.216599036622
0.333992975500	-0.867728366121	0.368098050722	2.219897578851
0.000000000000	0.000000000000	0.000000000000	1.000000000000
13	29	57
-0.822106199884	-0.258400108184	0.507317238228	-0.374112155757
-0.266065924447	-0.613410182797	-0.743597250862	1.371067642358
0.503339169905	-0.746295740127	0.435536850688	1.415724099303
0.000000000000	0.000000000000	0.000000000000	1.000000000000
13	32	57
0.944349505229	-0.280325369566	0.172109555665	-1.536855887503
0.239262787415	0.944423560162	0.225427277785	-0.108508116243
-0.225737304254	-0.171702726212	0.958937351071	0.742916635070
0.000000000000	0.000000000000	0.000000000000	1.000000000000
14	15	57
0.241418178285	-0.530769159921	0.812404678759	-0.387216739315
0.489138528993	0.789596957351	0.370513352521	-0.108848004973
-0.838129323344	0.307929770919	0.450242705142	0.278757633069
0.000000000000	0.000000000000	0.000000000000	1.000000000000
14	23	57
-0.633644032486	-0.212103278495	0.743980805764	-1.471489398847
0.420732744493	0.712549264251	0.561477963705	-0.592166402264
-0.649214292669	0.668794247334	-0.362263794668	1.919663527754
0.000000000000	0.000000000000	0.000000000000	1.000000000000
14	24	57
0.176543942814	-0.395880136582	0.901172099943	-1.588529091290
0.414800191547	0.860206744245	0.296622922660	-0.521949664539
-0.892621441232	0.321439379378	0.316075446748	1.523194536131
0.000000000000	0.000000000000	0.000000000000	1.000000000000
14	25	57
0.330338230937	-0.389786479670	0.859618027643	-1.796371015272
0.407430440138	0.880411032652	0.242645523416	-0.169097955107
-0.851397139783	0.270079458403	0.449644299995	0.849514801275
0.000000000000	0.000000000000	0.000000000000	1.000000000000
14	26	57
0.667044277153	-0.292863919233	0.685042084203	-2.548861397148
0.286348081420	0.949649731483	0.127161958783	0.086695355583
-0.687791180944	0.111337829626	0.717319440075	0.600077292665
0.000000000000	0.000000000000	0.000000000000	1.000000000000
15	16	57
0.816070954222	-0.133703553290	0.562273561100	-0.523801915099
0.233674170022	0.966139645758	-0.109410087102	0.319122578147
-0.528606261729	0.220675201898	0.819681569470	-0.540958659903
0.000000000000	0.000000000000	0.000000000000	1.000000000000
15	23	57
0.603105473531	-0.303183468304	0.737796430152	-1.797946446012
0.479555384524	0.876940787520	-0.031646300871	0.658556100755
-0.637409147229	0.372900308034	0.674281053639	-0.341878579327
0.000000000000	0.000000000000	0.000000000000	1.000000000000
16	17	57
0.652676756712	-0.350422475614	0.671726983106	-0.568830201102
0.326195106692	0.930197113953	0.168315422832	0.305691231078
-0.683820008203	0.109258490643	0.721424132258	-0.481412625904
0.000000000000	0.000000000000	0.000000000000	1.000000000000
16	23	57
0.944960303790	-0.185944739242	0.269211029138	-1.151950771209
0.181571249697	0.982510670911	0.041287562653	0.437912566342
-0.272179913926	0.009865875246	0.962195800740	-0.608664736818
0.000000000000	0.000000000000	0.000000000000	1.000000000000
18	22	57
0.951309409736	0.178696484628	-0.251153286520	0.469701258102
-0.169381184993	0.983817973379	0.058414120095	0.130495138784
0.257527515266	-0.013029260822	0.966183117863	-0.218891366893
0.000000000000	0.000000000000	0.000000000000	1.000000000000
19	21	57
0.897406729940	-0.132616584881	0.420801618905	0.326292838092
0.073183576157	0.985287473415	0.154443384166	-0.077632531923
-0.435092318066	-0.107802765022	0.893908965507	0.057023595545
0.000000000000	0.000000000000	0.000000000000	1.000000000000
19	31	57
0.095465589284	0.112848430497	0.989015446288	-1.578117854122
0.179293270583	0.975354781273	-0.128596165462	-0.052358257158
-0.979152819731	0.189600322737	0.072879854772	2.191946723459
0.000000000000	0.000000000000	0.000000000000	1.000000000000
20	21	57
0.967369989397	0.069145996976	-0.243750148137	0.115476783831
-0.144989563363	0.940025049806	-0.308757076442	-0.035572859359
0.207781929269	0.334023557312	0.919377470373	-0.184807046877
0.000000000000	0.000000000000	0.000000000000	1.000000000000
20	30	57
0.591639323036	-0.554275398489	0.585441452297	-2.384290606715
0.581905908949	0.796188840658	0.165737271432	0.097718936198
-0.557986043345	0.242615153363	0.793592756261	0.320841560663
0.000000000000	0.000000000000	0.000000000000	1.000000000000
20	31	57
0.696897974789	0.049030107517	0.715492320918	-2.675369755618
0.477548020921	0.712589745793	-0.513968619572	-0.004882501555
-0.535052427757	0.699865631923	0.473188119889	0.372556108017
0.000000000000	0.000000000000	0.000000000000	1.000000000000
21	30	57
0.272834669524	-0.615286709196	0.739583334447	-2.394013480609
0.319882643723	0.783028355403	0.533424492200	0.018170968793
-0.907323722467	0.091043177231	0.410456821759	1.296878142677
0.000000000000	0.000000000000	0.000000000000	1.000000000000
21	31	57
0.570468035352	0.079856268708	0.817428404810	-2.581173406252
0.252501161729	0.930008922256	-0.267070342513	0.070191768900
-0.781542950814	0.358756715439	0.510376562119	1.000043562983
0.000000000000	0.000000000000	0.000000000000	1.000000000000
24	25	57
0.993021576838	0.002007487243	-0.117915723839	0.629705437911
0.001401918153	0.999583523175	0.028823858565	0.138199850713
0.117924478201	-0.028788021677	0.992605192032	-0.345656555209
0.000000000000	0.000000000000	0.000000000000	1.000000000000
24	26	57
0.875368867285	0.154850323986	-0.457985505610	0.811582634255
-0.126998814939	0.987699975927	0.091214355000	0.466808136709
0.466476845290	-0.021682590145	0.884267616784	-1.014649966333
0.000000000000	0.000000000000	0.000000000000	1.000000000000
25	26	57
0.928249936495	0.167559140504	-0.332078288707	0.049778743995
-0.156444944417	0.985854443445	0.060133149817	0.369714122319
0.337456715392	-0.003866623080	0.941333104944	-0.692189980149
0.000000000000	0.000000000000	0.000000000000	1.000000000000
25	29	57
0.959548982753	-0.121202273797	0.254117607664	-0.124854814121
0.147724214731	0.985109824844	-0.087955610271	0.803789146417
-0.239673332017	0.121937040404	0.963165641049	-1.507070395057
0.000000000000	0.000000000000	0.000000000000	1.000000000000
26	29	57
0.820999265838	-0.215189017731	0.528823119901	-0.331677332522
0.283927388894	0.957478893918	-0.051180128352	0.381832271311
-0.495323574373	0.192166215423	0.847187524885	-0.722996425722
0.000000000000	0.000000000000	0.000000000000	1.000000000000
27	28	57
0.938353720341	0.022874112094	0.344918933254	-0.101790713818
0.127070480017	0.905120699024	-0.405721102861	0.105228882052
-0.321473775960	0.424538920706	0.846416750884	-0.252375220701
0.000000000000	0.000000000000	0.000000000000	1.000000000000
27	29	57
0.931813916081	0.115808577988	-0.343963950237	0.379479379843
-0.171510817682	0.975734313414	-0.136112413268	0.094146184003
0.319854443796	0.185824979192	0.929065235542	-0.213349726599
0.000000000000	0.000000000000	0.000000000000	1.000000000000
27	32	57
0.991426013142	0.038627277711	-0.124829459194	0.074256765755
-0.019246296063	0.988056431858	0.152885799053	0.409791781938
0.129244112260	-0.149172453492	0.980328281019	-0.550433563487
0.000000000000	0.000000000000	0.000000000000	1.000000000000
28	29	57
0.751666413432	0.169218608333	-0.637465815171	0.472636157806
0.014675127680	0.961995456854	0.272670830160	-0.052380323129
0.659380196507	-0.214312397183	0.720616370108	0.276427594850
0.000000000000	0.000000000000	0.000000000000	1.000000000000
28	32	57
0.909475139493	0.213433695247	-0.356792696642	0.150062058823
0.018763384137	0.836228047515	0.548060752075	0.195515996084
0.415334691616	-0.505142267368	0.756523881750	-0.359657484160
0.000000000000	0.000000000000	0.000000000000	1.000000000000
29	32	57
0.950256866714	-0.274676218550	0.146849794778	-0.426281209203
0.223696940848	0.929931878356	0.291867059244	0.295727056424
-0.216729245646	-0.244498827358	0.945118382798	-0.267268173971
0.000000000000	0.000000000000	0.000000000000	1.000000000000
30	31	57
0.970365383113	0.062149726170	-0.233513243291	-0.036373656960
-0.203762154226	0.729907519575	-0.652469154346	0.061977051352
0.129892292921	0.680714642419	0.720940751959	-0.245786319888
0.000000000000	0.000000000000	0.000000000000	1.000000000000
33	35	57
0.949416251269	-0.190723046172	0.249466433585	-0.087404220346
0.247421612781	0.943535894300	-0.220278373191	-0.064576778440
-0.193368372170	0.270859254643	0.942997315383	-0.006577133580
0.000000000000	0.000000000000	0.000000000000	1.000000000000
36	37	57
0.932407530283	-0.148753085549	0.329376254474	-0.274198023383
0.204788113560	0.968396617691	-0.142372115909	0.178657317143
-0.297788559242	0.200201174781	0.933403162412	-0.187587520987
0.000000000000	0.000000000000	0.000000000000	1.000000000000
38	39	57
0.746838095011	0.482950447553	-0.457156127652	0.539427065479
-0.415519206272	0.875626613738	0.246214992501	-0.337110958193
0.519207712828	0.006074415342	0.854626498781	0.343026988509
0.000000000000	0.000000000000	0.000000000000	1.000000000000
38	40	57
0.701812546106	-0.107172358437	-0.704253672845	0.810231197433
-0.401027949350	0.757640404604	-0.514934560067	-0.096975730278
0.588757788882	0.643812940922	0.488742430256	0.113792681310
0.000000000000	0.000000000000	0.000000000000	1.000000000000
38	41	57
0.957418853283	-0.281217758295	0.065312416874	0.219646212413
0.262683596960	0.942405366812	0.207049396263	-0.376037911369
-0.119776739255	-0.181076494953	0.976147957898	0.543861477763
0.000000000000	0.000000000000	0.000000000000	1.000000000000
38	56	57
0.279522882298	0.183521460612	-0.942436646023	2.185643874387
-0.547498290739	0.836806609068	0.000566267099	-0.021995651660
0.788741136185	0.515824168215	0.334384281292	-0.459194705252
0.000000000000	0.000000000000	0.000000000000	1.000000000000
39	40	57
0.995622239453	-0.022479072668	-0.090725121095	0.019593948582
-0.049563070519	0.695977602697	-0.716350946523	0.185475187058
0.079245557267	0.717711549187	0.691816647543	-0.292879149075
0.000000000000	0.000000000000	0.000000000000	1.000000000000
39	41	57
0.629756411647	-0.662121793563	0.406203880434	-0.004446459284
0.648150027722	0.736115147181	0.195028284242	-0.174790571028
-0.428145306589	0.140460743910	0.892727492501	0.299184881826
0.000000000000	0.000000000000	0.000000000000	1.000000000000
39	56	57
0.840585815474	0.098387909025	-0.532668101336	0.681020932427
-0.367178661690	0.826462323294	-0.426778465454	1.028583057840
0.398240275742	0.554328284984	0.730838446747	-1.386552998120
0.000000000000	0.000000000000	0.000000000000	1.000000000000
40	56	57
0.868608966543	0.131506314454	-0.477728534317	0.629165884532
-0.003148198663	0.965583025574	0.260075968842	-0.275668314840
0.495488195709	-0.224400334185	0.839128081958	-1.379275216935
0.000000000000	0.000000000000	0.000000000000	1.000000000000
41	56	57
0.139220873092	0.429465160995	-0.892287635232	1.759429186950
-0.749101697620	0.634996469805	0.188748854191	0.026793474983
0.647660555475	0.642136402042	0.410117844106	-1.054522100210
0.000000000000	0.000000000000	0.000000000000	1.000000000000
42	43	57
0.752975881477	-0.463170673195	0.467440102480	-0.129511904209
0.523115783904	0.852259693140	0.001814408528	-0.294413764324
-0.399220739120	0.243159089776	0.884022883479	0.263533828782
0.000000000000	0.000000000000	0.000000000000	1.000000000000
43	44	57
0.940235645786	0.098965088305	-0.325826398086	-0.088016106567
-0.318399748011	0.594773017276	-0.738150837151	-0.281364310954
0.120741587117	0.797778772103	0.590737251173	0.026570956526
0.000000000000	0.000000000000	0.000000000000	1.000000000000
44	48	57
0.995007855309	-0.026106101894	0.096321541290	0.273775036966
0.026254416432	0.999655256254	-0.000272510258	-0.005475183515
-0.096281220860	0.002800015704	0.995350233045	0.414758530252
0.000000000000	0.000000000000	0.000000000000	1.000000000000
45	47	57
0.670043412310	-0.389944557200	0.631652648162	-0.084435404079
0.491132316216	0.870925370782	0.016674726278	-0.003722973173
-0.556624535561	0.299052237641	0.775072180880	0.087886875716
0.000000000000	0.000000000000	0.000000000000	1.000000000000
46	47	57
0.946169819503	0.140622253472	-0.291527107643	0.011279531741
-0.120962339854	0.989054572861	0.084493575144	-0.029886183843
0.300217895868	-0.044681469672	0.952823583497	0.101774690949
0.000000000000	0.000000000000	0.000000000000	1.000000000000
46	56	57
0.716097600433	-0.075163947080	0.693941357546	-0.932721881248
0.457218609445	0.801711783186	-0.384979687617	0.403098041338
-0.527404370318	0.592965933052	0.608470239543	-0.526541419416
0.000000000000	0.000000000000	0.000000000000	1.000000000000
49	50	57
-0.429384043662	-0.252106776287	0.867220569635	-2.162956274091
0.704124331527	0.507863226612	0.496269955576	-1.023991070036
-0.565542455348	0.823721504154	-0.040553850543	1.847259405725
0.000000000000	0.000000000000	0.000000000000	1.000000000000
49	51	57
0.718572013286	0.252943662697	-0.647822325351	0.226066338565
-0.487472258502	0.847563890002	-0.209776665897	-0.282166165492
0.496009131884	0.466535053201	0.732338709357	0.138173792768
0.000000000000	0.000000000000	0.000000000000	1.000000000000
49	52	57
0.975180980348	0.133165446566	-0.176887024419	0.219245765023
-0.189705517039	0.914480582367	-0.357403247437	-0.213216812320
0.114165986054	0.382089293640	0.917046290715	0.011059001562
0.000000000000	0.000000000000	0.000000000000	1.000000000000
49	53	57
0.435619487564	0.751621696312	-0.495278192220	-0.063617606737
-0.545899645136	0.658093216541	0.518562335485	-0.332594090075
0.715701920841	0.044476330522	0.696988247052	0.383929597190
0.000000000000	0.000000000000	0.000000000000	1.000000000000
49	55	57
0.177179115797	0.846602646479	-0.501868030363	0.007235361953
-0.590441325283	0.499411126815	0.634009122814	-0.255153855249
0.787392279822	0.183990449177	0.588354410443	0.307209900418
0.000000000000	0.000000000000	0.000000000000	1.000000000000
50	51	57
-0.936633802588	0.189784620485	-0.294446799399	0.480664127277
-0.070099149495	0.721991326200	0.688341945643	-1.668824783313
0.343224750111	0.665364804238	-0.662937740811	2.438259771781
0.000000000000	0.000000000000	0.000000000000	1.000000000000
50	52	57
0.618979770971	-0.202330776837	0.758898082665	-0.207588831246
0.476535819989	0.864821505337	-0.158105585528	0.157491077182
-0.624321756306	0.459506279230	0.631724879953	-0.124256522922
0.000000000000	0.000000000000	0.000000000000	1.000000000000
50	53	57
0.996891608517	-0.075389351341	-0.022881577137	0.008908147600
0.078594493127	0.971811749526	0.222271971094	0.000098792438
0.005479645787	-0.223379428750	0.974716166016	0.216218952638
0.000000000000	0.000000000000	0.000000000000	1.000000000000
50	54	57
0.929652193311	0.120254281807	-0.348260975676	0.188625626967
-0.172830820638	0.977120246326	-0.123957781756	-0.054711870182
0.325386396319	0.175427853910	0.929165626335	0.107166291264
0.000000000000	0.000000000000	0.000000000000	1.000000000000
51	52	57
0.861190972329	-0.035161577496	0.507063874326	-0.159546918748
0.055622887284	0.998132389688	-0.025255238365	0.074094081248
-0.505228862585	0.049953940012	0.861538391651	-0.125513207838
0.000000000000	0.000000000000	0.000000000000	1.000000000000
51	53	57
-0.957540653159	-0.059009097734	0.282194656102	-0.286190425598
0.164905844039	0.690783870435	0.704005473664	-0.188196139945
-0.236478244559	0.720649409028	-0.651722693420	2.923028902135
0.000000000000	0.000000000000	0.000000000000	1.000000000000
51	54	57
-0.743221525193	-0.103338228483	0.661016622350	-0.637948060210
0.275879099457	0.852758563561	0.443501470973	-0.505718781800
-0.609518241706	0.511980510182	-0.605279662818	2.748455609493
0.000000000000	0.000000000000	0.000000000000	1.000000000000
53	54	57
0.927670222578	0.200200547294	-0.315194700154	0.133968135810
-0.298527860827	0.904695144320	-0.303986532849	-0.057062699951
0.224296844498	0.376093654170	0.899024187017	-0.161639131883
0.000000000000	0.000000000000	0.000000000000	1.000000000000
53	55	57
0.946166679249	0.269480869442	-0.179300518916	-0.051096086684
-0.258630480241	0.962505463818	0.081813854636	0.093286050861
0.194624997802	-0.031036963843	0.980386565139	-0.037914381321
0.000000000000	0.000000000000	0.000000000000	1.000000000000
