0	1	38
0.998975847460	0.013358749101	-0.043229619637	-0.093334110717
-0.011191522517	0.998686899026	0.049992274783	0.036787749388
0.043840689037	-0.049457269807	0.997813596043	0.458483174347
0.000000000000	0.000000000000	0.000000000000	1.000000000000
0	6	38
0.967120624704	-0.023483851645	0.253231526441	0.001028234712
-0.025656040624	0.981638541980	0.189017302061	-0.065293308843
-0.253020680679	-0.189299449579	0.948760377302	0.434792502443
0.000000000000	0.000000000000	0.000000000000	1.000000000000
0	8	38
-0.971249964883	-0.018074616976	-0.237374838466	-0.647478538094
-0.016376851446	-0.989678611670	0.142365881935	1.978843674459
-0.237498009365	0.142160310296	0.960929311513	0.071893895239
0.000000000000	0.000000000000	0.000000000000	1.000000000000
0	9	38
-0.437164367170	0.113045578839	-0.892248851600	2.107328667679
0.099627506598	0.992050553596	0.076876908355	-0.135849273190
0.893846561780	-0.055284683358	-0.444951601615	3.795639757793
0.000000000000	0.000000000000	0.000000000000	1.000000000000
0	10	38
-0.453560770982	0.162504547191	-0.876284713531	2.083731511690
0.191683238996	0.978012290359	0.082155315067	-0.165089734718
0.870367831962	-0.130706664131	-0.474737406402	3.603123726194
0.000000000000	0.000000000000	0.000000000000	1.000000000000
0	11	38
-0.966101852384	0.177001318931	-0.187930157016	0.181253756645
-0.148331104006	-0.976384443181	-0.157071011641	1.630029804047
-0.211293857942	-0.123870707636	0.969541620244	0.194375525561
0.000000000000	0.000000000000	0.000000000000	1.000000000000
0	27	38
0.935637208461	0.092870438360	-0.340526204311	1.285676801230
-0.008821597304	0.970615511031	0.240473926167	-0.023079786933
0.352852934754	-0.221992367941	0.908963252839	0.487960700511
0.000000000000	0.000000000000	0.000000000000	1.000000000000
0	28	38
0.966783068671	0.087391596517	-0.240194102736	1.224720833748
-0.034616105235	0.975841989827	0.215717723309	-0.066028831696
0.253243407396	-0.200237658170	0.946452670164	0.948122661968
0.000000000000	0.000000000000	0.000000000000	1.000000000000
1	2	38
0.997488172590	-0.064905953157	-0.028364816026	0.034880533953
0.066541781256	0.995908643589	0.061140534614	-0.046376780107
0.024280380778	-0.062874405527	0.997726050697	0.896321886665
0.000000000000	0.000000000000	0.000000000000	1.000000000000
1	6	38
0.565806748438	0.114824702980	-0.816503527860	1.357318420402
-0.015625055619	0.991571259668	0.128616852074	-0.117718346116
0.824389823481	-0.060014369830	0.562831852648	2.643953539146
0.000000000000	0.000000000000	0.000000000000	1.000000000000
1	8	38
-0.320381251141	0.283963917714	0.903725814257	-2.238312935368
-0.645114340425	0.633194216306	-0.427659411465	1.095789808033
-0.693673800641	-0.720020539897	-0.019674359755	3.731670874107
0.000000000000	0.000000000000	0.000000000000	1.000000000000
1	9	38
-0.227398332348	0.088102594588	-0.969808193032	2.377114575161
0.090082919030	0.993531767087	0.069135341821	-0.277497074856
0.969626250750	-0.071641891491	-0.233864005865	2.667353334336
0.000000000000	0.000000000000	0.000000000000	1.000000000000
1	10	38
-0.534416622781	0.167689173137	-0.828419709150	2.305487421595
0.050107474153	0.984683547090	0.166995667983	-0.478926232084
0.843734623166	0.047735241738	-0.534633736652	3.347054918197
0.000000000000	0.000000000000	0.000000000000	1.000000000000
1	27	38
0.965071456026	0.054367961782	-0.256283455369	1.259409953991
-0.009065330397	0.984574507739	0.174730817245	0.014774279678
0.261829915306	-0.166304430013	0.950677617286	-0.150993630697
0.000000000000	0.000000000000	0.000000000000	1.000000000000
1	28	38
0.978506185873	0.086506145705	-0.187195969413	1.279312466919
-0.054314488966	0.983820199202	0.170727127106	-0.138165788805
0.198936121651	-0.156890096554	0.967372687802	0.399507503836
0.000000000000	0.000000000000	0.000000000000	1.000000000000
2	3	38
0.999409836810	-0.016224584613	-0.030277730122	0.244705831762
0.017338574884	0.999168536748	0.036899986356	-0.091035641088
0.029653868351	-0.037403182033	0.998860175433	0.749831732736
0.000000000000	0.000000000000	0.000000000000	1.000000000000
2	5	38
0.841627137330	0.098157141250	-0.531063967268	0.965657496402
-0.077630800716	0.995120397429	0.060900356322	-0.176012271215
0.534450391046	-0.010028471544	0.845140348859	1.682270912418
0.000000000000	0.000000000000	0.000000000000	1.000000000000
2	8	38
-0.334488120133	0.318130250452	0.887079951998	-2.181541185951
-0.540483265909	0.706346807346	-0.457112707136	0.983241299755
-0.772007471960	-0.632350639677	-0.064320539002	2.950196026273
0.000000000000	0.000000000000	0.000000000000	1.000000000000
3	4	38
0.979053434900	0.017208998048	-0.202874892473	0.503428475065
-0.011463093319	0.999500123382	0.029463551213	-0.057911604955
0.203280518253	-0.026520817194	0.978761297331	0.510615339136
0.000000000000	0.000000000000	0.000000000000	1.000000000000
3	5	38
0.809022263171	-0.000291410224	-0.587777928110	0.826934015531
0.043543610059	0.997281765067	0.059439339558	-0.095466129191
0.586162888382	-0.073681721913	0.806835839647	1.076956893601
0.000000000000	0.000000000000	0.000000000000	1.000000000000
3	6	38
0.550940696773	0.082088523726	-0.830497334681	1.240458531491
-0.050623702381	0.996605296212	0.064923988782	-0.118821955917
0.833007556627	0.006273582283	0.553226041296	1.059747427286
0.000000000000	0.000000000000	0.000000000000	1.000000000000
4	5	38
0.934408596014	0.091747870101	-0.344184404101	0.414827570490
-0.073064386846	0.995081157765	0.066896074885	-0.150947656727
0.348628987707	-0.037360644964	0.936515889421	0.400875671282
0.000000000000	0.000000000000	0.000000000000	1.000000000000
4	6	38
0.708288243917	0.178896862715	-0.682878961485	0.920314751097
-0.150818629962	0.983369155554	0.101187176865	-0.188725353298
0.689624176189	0.031321181593	0.723489792049	0.373518607207
0.000000000000	0.000000000000	0.000000000000	1.000000000000
4	7	38
0.484368555362	0.061772119564	-0.872680530218	1.208705543200
-0.146469808320	0.989150831501	-0.011279529781	-0.082142720795
0.862515911637	0.133284799531	0.488161309802	0.328532336818
0.000000000000	0.000000000000	0.000000000000	1.000000000000
5	6	38
0.940365057416	0.091724037100	-0.327567183658	0.311626045458
-0.088857809836	0.995761365971	0.023740085743	-0.013016387331
0.328356282752	0.006782555421	0.944529591129	-0.223040560809
0.000000000000	0.000000000000	0.000000000000	1.000000000000
5	7	38
0.790042492883	0.032540568120	-0.612187855863	0.666733901494
-0.088143237914	0.994244277419	-0.060902269488	-0.012732144492
0.606682477948	0.102075600636	0.788363458505	-0.445190606890
0.000000000000	0.000000000000	0.000000000000	1.000000000000
5	8	38
0.681737597562	0.057111880325	-0.729364162264	0.847685435436
-0.142946623516	0.988131337328	-0.056238092211	-0.106850538557
0.717495721866	0.142599766184	0.681810234441	-0.687551852598
0.000000000000	0.000000000000	0.000000000000	1.000000000000
6	7	38
0.952626253928	-0.009120211564	-0.304006648066	0.237581974017
-0.012610358284	0.997506376517	-0.069440677357	-0.045912876853
0.303881883618	0.069984645094	0.950135753595	-0.297903503425
0.000000000000	0.000000000000	0.000000000000	1.000000000000
6	8	38
0.895191901950	0.024021677891	-0.445033052339	0.329032289983
-0.066025167934	0.994676109904	-0.079120879577	-0.131857974151
0.440763128995	0.100211752689	0.892012033967	-0.620214237790
0.000000000000	0.000000000000	0.000000000000	1.000000000000
7	8	38
0.990853833689	0.048137955020	-0.126061165907	-0.094969559731
-0.052881546551	0.998002744731	-0.034555224554	-0.051427142960
0.124145971734	0.040905486137	0.991420455158	-0.292805282422
0.000000000000	0.000000000000	0.000000000000	1.000000000000
9	10	38
0.989650349334	0.001670636876	-0.143490052044	0.184957360165
-0.002318801686	0.999987850116	-0.004350032017	0.060157685596
0.143481041332	0.004637735680	0.989642199073	-0.050258477860
0.000000000000	0.000000000000	0.000000000000	1.000000000000
9	11	38
0.993525488830	-0.015426629393	-0.112557195018	0.286100139435
0.023205731660	0.997406325270	0.068133078080	0.037796016555
0.111214194521	-0.070303921769	0.991306593099	0.260093167050
0.000000000000	0.000000000000	0.000000000000	1.000000000000
10	11	38
0.987777770053	-0.071751677068	0.138371867904	-0.126930219370
0.062062127530	0.995390469302	0.073117070157	-0.024484084884
-0.142980310937	-0.063635764000	0.987677639832	0.351669329009
0.000000000000	0.000000000000	0.000000000000	1.000000000000
14	15	38
0.995274697797	0.038586817620	-0.089102937272	0.203092838173
-0.036138494687	0.998927966001	0.028929706921	-0.038386000541
0.090123721219	-0.025572959288	0.995602198987	0.136551345349
0.000000000000	0.000000000000	0.000000000000	1.000000000000
14	16	38
0.989527757858	-0.005722259218	-0.144229234826	0.211460538562
0.015056750394	0.997854756119	0.063711694044	-0.028094585418
0.143555253114	-0.065216113345	0.987491138119	0.179588848340
0.000000000000	0.000000000000	0.000000000000	1.000000000000
14	17	38
0.916765240246	0.064627110345	-0.394163457066	0.368826908469
-0.053769479891	0.997809308972	0.038541224185	-0.088788021732
0.395790774665	-0.014139290571	0.918231856969	0.752964159114
0.000000000000	0.000000000000	0.000000000000	1.000000000000
15	16	38
0.997589387876	-0.038215717759	-0.057922121100	0.054201158386
0.038928818328	0.999178846245	0.011233001402	0.055062024596
0.057445280921	-0.013460762722	0.998257906338	0.064564817292
0.000000000000	0.000000000000	0.000000000000	1.000000000000
15	17	38
0.969612727820	0.027847077997	-0.243054928559	0.076948360624
-0.035815466641	0.998954048547	-0.028426418024	0.040659195610
0.242009112223	0.036267742409	0.969595916071	0.535059514703
0.000000000000	0.000000000000	0.000000000000	1.000000000000
16	17	38
0.972571747003	0.118188709440	-0.200338777803	0.037649871522
-0.119777867444	0.992791773471	0.004213905399	-0.155498997828
0.199392726551	0.019897826236	0.979717621108	0.501980411050
0.000000000000	0.000000000000	0.000000000000	1.000000000000
17	18	38
0.976407188194	0.041986954803	-0.211816190293	0.159350818152
-0.026043472049	0.996651561105	0.077507440359	-0.083027709494
0.214361238118	-0.070162392874	0.974231234471	0.580653152646
0.000000000000	0.000000000000	0.000000000000	1.000000000000
18	19	38
0.895028279268	0.018723595316	-0.445616209635	0.279481571571
-0.015075522783	0.999817549058	0.011730183619	-0.036513346844
0.445754537749	-0.003780948739	0.895147248503	0.538397609358
0.000000000000	0.000000000000	0.000000000000	1.000000000000
19	20	38
0.936020514456	0.036474723060	-0.350050269383	0.211444076054
-0.036877546661	0.999304562978	0.005516970442	-0.044761749595
0.350008061435	0.007744997631	0.936714669439	0.119484021440
0.000000000000	0.000000000000	0.000000000000	1.000000000000
19	21	38
-0.681152410756	-0.053890673446	0.730155592074	-2.786529982776
0.160063408995	0.962200988416	0.220338292158	-0.600372992808
-0.714430611342	0.266955152050	-0.646779597986	5.101388510402
0.000000000000	0.000000000000	0.000000000000	1.000000000000
20	21	38
-0.930694975932	0.026768033811	0.364815479581	-0.767477254391
0.123684076862	0.961606965075	0.244978149740	-0.654385399595
-0.344251522737	0.273121798993	-0.898273550768	5.781494860805
0.000000000000	0.000000000000	0.000000000000	1.000000000000
21	22	38
0.934412485792	0.021052886213	-0.355570080826	0.104871664982
-0.014614086416	0.999677155155	0.020784945024	0.075397869673
0.355892869941	-0.014225380259	0.934418484236	-0.074148014062
0.000000000000	0.000000000000	0.000000000000	1.000000000000
22	23	38
0.993878705448	0.054493079623	-0.096102149454	-0.051419137572
-0.044838634821	0.993986044575	0.099906156058	0.068915195505
0.100968389528	-0.094985511865	0.990344958513	-0.013172985996
0.000000000000	0.000000000000	0.000000000000	1.000000000000
22	24	38
0.947129449003	0.060342605380	-0.315126287078	0.169805970589
-0.011883848765	0.988079232579	0.153486821208	-0.036193232155
0.320631534585	-0.141626975262	0.936556041520	0.477630669505
0.000000000000	0.000000000000	0.000000000000	1.000000000000
23	24	38
0.939303810263	0.074272382032	-0.334950690837	0.466462488876
-0.054944244042	0.996250450595	0.066829407725	-0.206418590603
0.338658355975	-0.044369504814	0.939862684104	0.540202804634
0.000000000000	0.000000000000	0.000000000000	1.000000000000
23	25	38
0.940532097009	0.016713499453	-0.339293432640	0.503496786377
-0.016321364049	0.999858758813	0.004009426452	-0.141514886595
0.339312521980	0.001766737365	0.940672042248	0.791306571602
0.000000000000	0.000000000000	0.000000000000	1.000000000000
24	25	38
0.981333322099	0.066134672397	-0.180585481267	0.390360265544
-0.062052631294	0.997675333313	0.028167361403	-0.151682059391
0.182028519433	-0.016435766054	0.983155879659	0.322335106039
0.000000000000	0.000000000000	0.000000000000	1.000000000000
25	26	38
0.957416177010	0.110299808705	-0.266811199540	0.272511664349
-0.101417674439	0.993738383582	0.046887954820	-0.158082716308
0.270312262599	-0.017831915080	0.962607554247	0.358196909647
0.000000000000	0.000000000000	0.000000000000	1.000000000000
26	27	38
0.946033292607	0.062087580927	-0.318066253433	0.300777732012
-0.064793693553	0.997896523503	0.002075007646	-0.105433366120
0.317526040750	0.018645661039	0.948066217503	0.407056615321
0.000000000000	0.000000000000	0.000000000000	1.000000000000
26	28	38
0.464616660289	-0.271880617327	0.842740938191	-1.784972911054
-0.327430962348	-0.936995668467	-0.121770612917	1.369387349449
0.822751678137	-0.219362820907	-0.524365930364	3.825397761517
0.000000000000	0.000000000000	0.000000000000	1.000000000000
27	28	38
0.985664271055	0.006614614546	0.168588824187	-0.074010243981
-0.000329450943	0.999304739320	-0.037281757388	-0.116022258226
-0.168718215462	0.036691754472	0.984981156635	0.430646449748
0.000000000000	0.000000000000	0.000000000000	1.000000000000
29	30	38
0.983164342446	0.004608224692	0.182665377147	0.234564721824
-0.010068551334	0.999529385579	0.028976397934	0.319791844825
-0.182445882434	-0.030327736948	0.982748049275	0.171995774970
0.000000000000	0.000000000000	0.000000000000	1.000000000000
30	31	38
0.956415216310	-0.000775448264	0.292009131178	-0.064172931445
0.001811881994	0.999992982925	-0.003278899818	-0.013317079059
-0.292004539511	0.003665075766	0.956409910093	0.660898547092
0.000000000000	0.000000000000	0.000000000000	1.000000000000
31	32	38
0.833687245954	-0.039171371428	0.550845876443	-0.437685395204
0.037351940240	0.999196631347	0.014523238764	-0.001038432496
-0.550972239313	0.008467323331	0.834480614479	0.267127975766
0.000000000000	0.000000000000	0.000000000000	1.000000000000
31	33	38
0.596585401039	-0.103276043156	0.795876823495	-1.154428517277
0.087883535142	0.994128629741	0.063124890344	-0.002790313037
-0.797723224883	0.032285080765	0.602158891026	0.303839421930
0.000000000000	0.000000000000	0.000000000000	1.000000000000
31	34	38
0.491880848899	-0.071686734309	0.867706311266	-1.302492188978
0.132438197731	0.991167865088	0.006810800148	-0.038564101702
-0.860530856082	0.111567357865	0.497030552774	0.215035419053
0.000000000000	0.000000000000	0.000000000000	1.000000000000
31	35	38
0.456302241790	0.093926554618	0.884853697780	-1.372179413162
0.103097189027	0.982135668947	-0.157418224478	0.077847376413
-0.883832129849	0.163056217669	0.438467143726	0.272487357683
0.000000000000	0.000000000000	0.000000000000	1.000000000000
31	36	38
0.587826907146	0.122072330821	0.799723623062	-1.318534750778
0.100333845883	0.969916375487	-0.221800234293	0.079319377643
-0.802740709448	0.210619492474	0.557894956766	0.192377616060
0.000000000000	0.000000000000	0.000000000000	1.000000000000
31	37	38
0.371672811425	-0.027154196926	0.927966578513	-1.717826614636
0.026608733605	0.999473069854	0.018589188590	0.002435912372
-0.927982379436	0.017782919496	0.372199504609	0.629251106085
0.000000000000	0.000000000000	0.000000000000	1.000000000000
32	33	38
0.963232068316	-0.076861816979	0.257441728664	-0.420486891861
0.071421429786	0.996981886469	0.030431848772	0.046947304016
-0.259003787490	-0.010926076288	0.965814505442	-0.376886103332
0.000000000000	0.000000000000	0.000000000000	1.000000000000
32	34	38
0.877675619697	-0.024449570685	0.478631094981	-0.799371454605
0.070864906103	0.994340449361	-0.079153242809	0.105122332243
-0.473986995256	0.103389019037	0.874440986614	-0.483859703231
0.000000000000	0.000000000000	0.000000000000	1.000000000000
32	35	38
0.879261221772	0.036991918327	0.474901360143	-0.788683757492
0.062098940930	0.979569860476	-0.191276266126	0.096716155504
-0.472274735110	0.197672674961	0.859000633382	-0.530518114619
0.000000000000	0.000000000000	0.000000000000	1.000000000000
32	36	38
0.925020236181	0.043436702152	0.377426569762	-0.804128320524
0.056397346200	0.966736202901	-0.249480366647	0.090505670024
-0.375708533304	0.252060244598	0.891800836003	-0.532076878118
0.000000000000	0.000000000000	0.000000000000	1.000000000000
32	37	38
0.889137412992	0.038538630323	0.456014730892	-0.888121251249
-0.028422783054	0.999174555625	-0.029023314678	0.057578342424
-0.456756834892	0.012844507164	0.889498854645	-0.497836703390
0.000000000000	0.000000000000	0.000000000000	1.000000000000
33	34	38
0.969555137137	-0.012403322356	0.244558773399	-0.393115225884
0.044020802010	0.991274457941	-0.124246199235	0.101187865540
-0.240883799875	0.131229214081	0.961641247207	-0.184771546246
0.000000000000	0.000000000000	0.000000000000	1.000000000000
33	35	38
0.967581649310	0.011711574470	0.252286723672	-0.387912918348
0.050766443060	0.969516711119	-0.239708396017	0.134274687844
-0.247403557324	0.244745144764	0.937492023400	-0.212353380297
0.000000000000	0.000000000000	0.000000000000	1.000000000000
33	36	38
0.993985901319	0.012612342820	0.108779395049	-0.302712538649
0.017353492311	0.962652367264	-0.270183782092	0.044558407340
-0.108124392638	0.270446572561	0.956644012738	-0.271748584172
0.000000000000	0.000000000000	0.000000000000	1.000000000000
33	37	38
0.981770677662	0.046913616498	0.184188623616	-0.335977397102
-0.035413821833	0.997241183024	-0.065237137458	0.081848032188
-0.186740990962	0.057525085550	0.980723542507	-0.242049787431
0.000000000000	0.000000000000	0.000000000000	1.000000000000
34	35	38
0.999963428242	-0.002359775412	-0.008220318619	0.055764605047
0.001120352554	0.989041331752	-0.147634646664	0.094090542125
0.008478619484	0.147620037751	0.989007804553	-0.032717962751
0.000000000000	0.000000000000	0.000000000000	1.000000000000
34	36	38
0.991754277587	-0.027036973390	-0.125269529249	0.089446880750
0.005886708623	0.986071240357	-0.166219299726	-0.007907465603
0.128018746869	0.164111276303	0.978099529414	-0.064402093145
0.000000000000	0.000000000000	0.000000000000	1.000000000000
34	37	38
0.997142716557	0.066521421338	-0.035795297461	-0.027322646163
-0.065028116851	0.997025090563	0.041380101572	0.004477375179
0.038441472865	-0.038934166107	0.998502070040	-0.058761239026
0.000000000000	0.000000000000	0.000000000000	1.000000000000
35	36	38
0.988884097608	0.000660957858	-0.148686934974	0.084562164991
-0.003718266662	0.999787323608	-0.020285020238	-0.111980589470
0.148641905230	0.020612391607	0.988676242924	-0.005105537842
0.000000000000	0.000000000000	0.000000000000	1.000000000000
35	37	38
0.995426801589	0.084748441362	-0.044081564916	-0.032692140324
-0.075604072253	0.980988243981	0.178734690056	-0.060918973126
0.058390983358	-0.174584555037	0.982909317386	-0.000260956635
0.000000000000	0.000000000000	0.000000000000	1.000000000000
36	37	38
0.994687887482	0.059827302094	0.083765747298	-0.040306075428
-0.075368851062	0.977543446295	0.196795190225	0.038732474621
-0.070110931999	-0.202063120164	0.976859740538	0.000179446351
0.000000000000	0.000000000000	0.000000000000	1.000000000000
