0	1	55
0.990791281915	0.082433211838	0.107412295702	-0.295384053505
-0.077015808636	0.995585358196	-0.053650347306	0.131365255252
-0.111360679335	0.044883851571	0.992765953771	-0.192400618084
0.000000000000	0.000000000000	0.000000000000	1.000000000000
0	2	55
0.998747301340	0.017577155594	-0.046849457498	-0.584530656249
-0.005768897642	0.970477030397	0.241124559703	-0.029891171807
0.049704606292	-0.240552233565	0.969362715933	-0.385477589014
0.000000000000	0.000000000000	0.000000000000	1.000000000000
0	3	55
0.996313143347	0.085413079100	-0.008045266466	-0.552772949062
-0.085659915593	0.985220422810	-0.148334410499	0.050295999216
-0.004743337908	0.148476679637	0.988904533486	-0.133786196339
0.000000000000	0.000000000000	0.000000000000	1.000000000000
0	10	55
0.895192654099	-0.056434090035	0.442091965012	-0.498049354277
-0.040305825794	0.977634512671	0.206412693510	-0.256283157278
-0.443853075301	-0.202598008670	0.872896611535	-0.367624308815
0.000000000000	0.000000000000	0.000000000000	1.000000000000
0	19	55
0.050473098972	-0.178059678589	0.982724385136	-1.756526129107
0.184991501530	0.968618240731	0.166002554452	-0.632754778546
-0.981443126545	0.173416996236	0.081828691635	2.320198498258
0.000000000000	0.000000000000	0.000000000000	1.000000000000
0	35	55
0.918907186746	-0.034695908059	0.392945003925	-2.065125853718
-0.001496268566	0.995810725717	0.091426252945	0.038236344323
-0.394470966392	-0.084600192146	0.915005718104	-0.058766931122
0.000000000000	0.000000000000	0.000000000000	1.000000000000
0	36	55
0.360138759645	-0.215427446065	0.907684465706	-1.568397652655
0.201939049926	0.967905574663	0.149597522209	0.026798286483
-0.910780266539	0.129421072543	0.392083526899	0.490847149183
0.000000000000	0.000000000000	0.000000000000	1.000000000000
0	43	55
0.999273628795	0.023485779376	0.030010547512	0.466680960661
-0.036864756935	0.795266588039	0.605138036852	-0.420356426818
-0.009654247300	-0.605804813547	0.795554726837	-0.685536428210
0.000000000000	0.000000000000	0.000000000000	1.000000000000
0	44	55
0.976926310279	-0.162610675617	0.138465708608	0.367559250796
0.113013992597	0.943699124198	0.310901592897	-0.342881566094
-0.181225886017	-0.288079383441	0.940301785106	-0.722896257284
0.000000000000	0.000000000000	0.000000000000	1.000000000000
0	45	55
0.997675331183	0.067874455774	0.006082088677	0.271654364983
-0.067933651863	0.983544323904	0.167408428284	-0.089565812698
0.005380752166	-0.167432437626	0.985868868733	-0.631913823595
0.000000000000	0.000000000000	0.000000000000	1.000000000000
0	54	55
0.891937214109	0.250491716388	-0.376433136306	0.079953818158
-0.166287464573	0.955900352810	0.242080553995	-0.009142512325
0.420471741279	-0.153324543103	0.894256730066	-0.283817579403
0.000000000000	0.000000000000	0.000000000000	1.000000000000
1	2	55
0.975120334222	-0.060235732654	-0.213335393919	-0.106835431298
0.119052198914	0.954110422512	0.274772406889	-0.213391732046
0.186994405587	-0.293334208993	0.937543670510	-0.242194549812
0.000000000000	0.000000000000	0.000000000000	1.000000000000
1	3	55
0.993238128770	-0.033926591535	-0.111027050511	-0.213504312855
0.021952085907	0.993978995923	-0.107349250527	-0.101552415354
0.114000550361	0.104186093368	0.988002597398	0.010386559708
0.000000000000	0.000000000000	0.000000000000	1.000000000000
1	10	55
0.939460703434	-0.142670630993	0.311542417265	-0.077445533599
0.048793989693	0.955632466790	0.290492228790	-0.402394168821
-0.339164758301	-0.257704636104	0.904740618773	-0.202040101343
0.000000000000	0.000000000000	0.000000000000	1.000000000000
1	11	55
0.918624414251	0.270298138463	-0.288215374132	-0.488480483079
-0.154556306193	0.917101542988	0.367473955629	-0.455219507195
0.363650290469	-0.293025043628	0.884248149587	0.183420386861
0.000000000000	0.000000000000	0.000000000000	1.000000000000
1	35	55
0.949690147696	-0.130852070264	0.284545882198	-1.777890726282
0.091817403122	0.984941523004	0.146491504005	-0.224589285375
-0.299429771152	-0.112995274102	0.947403757739	-0.112569797974
0.000000000000	0.000000000000	0.000000000000	1.000000000000
1	43	55
0.996160894946	0.002441982215	-0.087507188865	0.811128482361
0.053977684250	0.769838423656	0.635952208161	-0.478417600618
0.068919380316	-0.638234156235	0.766751120528	-0.433196629801
0.000000000000	0.000000000000	0.000000000000	1.000000000000
1	44	55
0.971292696275	-0.235662408944	0.032461164069	0.705570571069
0.206998580068	0.904510571844	0.372843416559	-0.452309848674
-0.117226643780	-0.355420672488	0.927326296163	-0.458661603959
0.000000000000	0.000000000000	0.000000000000	1.000000000000
1	45	55
0.991724980392	-0.051033419838	-0.117801329902	0.639727780085
0.076177279593	0.972521924637	0.219995745808	-0.218379756949
0.103337240822	-0.227149061542	0.968361873733	-0.383769569759
0.000000000000	0.000000000000	0.000000000000	1.000000000000
1	54	55
0.841894059095	0.147741822610	-0.519024803946	0.448559428352
-0.035028875529	0.974726273043	0.220639231595	-0.057721863893
0.538504754983	-0.167574003029	0.825791488434	-0.045484116796
0.000000000000	0.000000000000	0.000000000000	1.000000000000
2	3	55
0.992657609929	0.099034839757	0.069447605897	-0.044307130841
-0.065565252770	0.923027415298	-0.379106302027	0.019736387503
-0.101646776042	0.371769405844	0.922743432271	0.286443660525
0.000000000000	0.000000000000	0.000000000000	1.000000000000
2	10	55
0.855027261514	-0.097248016759	0.509383161583	0.016147755784
0.107062679269	0.994201015904	0.010095676454	-0.208317881934
-0.507411041243	0.045903847462	0.860480605251	-0.030199912494
0.000000000000	0.000000000000	0.000000000000	1.000000000000
2	11	55
0.935902960800	0.328028938706	-0.128384825182	-0.189234585430
-0.311637517522	0.940937921724	0.132355147745	-0.379493636999
0.164218469235	-0.083862046445	0.982852711004	0.418629097820
0.000000000000	0.000000000000	0.000000000000	1.000000000000
2	34	55
0.966583550865	-0.054204836823	0.250555532493	-1.586164004842
0.032789727825	0.995503293102	0.088870845457	0.223914803618
-0.254246087378	-0.077685449654	0.964014469790	0.027910854941
0.000000000000	0.000000000000	0.000000000000	1.000000000000
2	35	55
0.896278513481	-0.024059990326	0.442838506837	-1.508038673229
0.099092849588	0.984147211838	-0.147087975691	0.035078252717
-0.432279346526	0.175713921753	0.884454173075	0.438047091811
0.000000000000	0.000000000000	0.000000000000	1.000000000000
2	43	55
0.995323678362	-0.002510238630	0.096563315982	0.949040509577
-0.036759594551	0.914604883405	0.402674359079	-0.322561323554
-0.089328089087	-0.404340952605	0.910235621445	-0.406244891219
0.000000000000	0.000000000000	0.000000000000	1.000000000000
2	44	55
0.952183807040	-0.217971319108	0.214089938245	0.843556601975
0.204139079434	0.975244778965	0.084999160879	-0.215092274994
-0.227317473722	-0.037230701692	0.973108750856	-0.421656038481
0.000000000000	0.000000000000	0.000000000000	1.000000000000
2	45	55
0.996247464896	0.031688712944	0.080540760864	0.763627111044
-0.027924676825	0.998483725825	-0.047439031256	-0.040541606823
-0.081921920832	0.045011939908	0.995621777661	-0.327148994793
0.000000000000	0.000000000000	0.000000000000	1.000000000000
2	46	55
0.841120644477	0.289992499433	-0.456530844202	0.553811120359
-0.297902953584	0.952925891316	0.056445335543	-0.133389070340
0.451408785560	0.088524549880	0.887915261941	0.171982374780
0.000000000000	0.000000000000	0.000000000000	1.000000000000
2	53	55
0.807937419780	0.259467719200	-0.529068642439	0.293100605056
-0.297945319621	0.954492836432	0.013115323675	-0.037265463735
0.508395232309	0.147037165003	0.848477671994	0.091295881685
0.000000000000	0.000000000000	0.000000000000	1.000000000000
2	54	55
0.910056265256	0.237198168777	-0.339903843456	0.668811327710
-0.240308997348	0.970115349145	0.033582661409	-0.040188057848
0.337711681559	0.051119840397	0.939860405622	0.093988325752
0.000000000000	0.000000000000	0.000000000000	1.000000000000
3	10	55
0.878051548551	-0.135595074023	0.458954740674	-0.032879285513
-0.041688090098	0.933703436452	0.355612142513	-0.308016528571
-0.476746873331	-0.331378738997	0.814187048601	-0.157742498543
0.000000000000	0.000000000000	0.000000000000	1.000000000000
3	35	55
0.926808411873	-0.111359560010	0.358643578048	-1.459668519550
0.021529973164	0.969207356517	0.245302996984	-0.098160915355
-0.374916828025	-0.219627294452	0.900667099208	0.044207957253
0.000000000000	0.000000000000	0.000000000000	1.000000000000
3	45	55
0.999594397539	-0.027327264643	0.008016296930	0.787159002270
0.023251310768	0.945649395688	0.324355664328	-0.182860754414
-0.016444359425	-0.324037715461	0.945901232689	-0.485039761709
0.000000000000	0.000000000000	0.000000000000	1.000000000000
3	54	55
0.907706511413	0.123649307086	-0.400973487897	0.657214213730
0.017174247660	0.943847360968	0.329935151827	-0.012349413728
0.419254021277	-0.306370703643	0.854612811507	-0.177250939120
0.000000000000	0.000000000000	0.000000000000	1.000000000000
4	5	55
0.932827678048	-0.016925502278	0.359925062256	0.262516795100
0.014548482130	0.999850799720	0.009312355643	-0.004791359596
-0.360028977633	-0.003450459756	0.932934740264	0.088623773171
0.000000000000	0.000000000000	0.000000000000	1.000000000000
4	6	55
0.909043472614	-0.142943058769	0.391416973123	0.445335786903
0.109989131029	0.988319466069	0.105484710002	0.065496182571
-0.401923320988	-0.052838574344	0.914147542308	-0.325221522902
0.000000000000	0.000000000000	0.000000000000	1.000000000000
4	9	55
0.971889192027	0.195242371740	-0.131574369457	0.713396485126
-0.114251726024	0.879744878949	0.461514345458	-0.299884885176
0.205859033130	-0.433508205505	0.877321317556	-0.181500239530
0.000000000000	0.000000000000	0.000000000000	1.000000000000
4	10	55
0.781929854886	0.354739409681	-0.512587215269	0.609356467210
-0.166110605187	0.911130207064	0.377159134345	-0.337987813389
0.600826904260	-0.209765814648	0.771365888618	-0.223301493558
0.000000000000	0.000000000000	0.000000000000	1.000000000000
4	18	55
0.418340634796	-0.166075256656	0.892978231765	-2.506071473766
-0.008103008148	0.982420458833	0.186505719281	0.061160572933
-0.908254069376	-0.085258730885	0.409640689227	-0.315097669845
0.000000000000	0.000000000000	0.000000000000	1.000000000000
4	19	55
0.933724463130	-0.049168957139	0.354599831652	-2.270454909470
-0.010840862626	0.986185294596	0.165290775361	-0.134783510556
-0.357828314490	-0.158180208547	0.920292300833	-0.208440524968
0.000000000000	0.000000000000	0.000000000000	1.000000000000
4	20	55
0.562479103979	-0.102824360970	0.820392837839	-2.348335250739
0.013440835877	0.993242877853	0.115273281921	-0.273827954763
-0.826702244776	-0.053812046840	0.560060409328	-0.215863431456
0.000000000000	0.000000000000	0.000000000000	1.000000000000
4	36	55
0.989073330294	-0.032646024397	0.143764336303	-0.703851130101
-0.005932665565	0.965569558220	0.260077357181	-0.007337667034
-0.147304958439	-0.258088483529	0.954825420634	-0.823883098155
0.000000000000	0.000000000000	0.000000000000	1.000000000000
4	37	55
0.766550631464	-0.213118036626	0.605789428652	-0.171677779790
0.070845841351	0.965633544346	0.250065441030	0.011579548322
-0.638264048937	-0.148770159975	0.755305529793	-0.154657800881
0.000000000000	0.000000000000	0.000000000000	1.000000000000
5	6	55
0.997594490457	-0.065990462624	0.021224783929	0.378684808590
0.063882642166	0.994062130220	0.088087963374	0.044074529517
-0.026911719380	-0.086520171661	0.995886549390	-0.320396646749
0.000000000000	0.000000000000	0.000000000000	1.000000000000
5	7	55
0.998049252184	0.058355402238	0.022188673784	0.730988623429
-0.062201747639	0.959916702005	0.273296300380	0.098134965593
-0.005350963022	-0.274143342506	0.961673954599	-0.312990633191
0.000000000000	0.000000000000	0.000000000000	1.000000000000
5	8	55
0.970940760440	0.140590932599	-0.193670414333	0.709870334274
-0.020715242549	0.855587944567	0.517242832564	-0.269729201605
0.238421723933	-0.498200219574	0.833637584789	-0.135868352527
0.000000000000	0.000000000000	0.000000000000	1.000000000000
5	9	55
0.838476906151	0.354725688617	-0.413673982366	0.491433004575
-0.164161295954	0.888280637979	0.428962209410	-0.270163911793
0.519622504095	-0.291765649153	0.803035029878	-0.138158549561
0.000000000000	0.000000000000	0.000000000000	1.000000000000
5	37	55
0.956722622754	-0.110098844647	0.269369759844	-0.262853569394
0.043827964384	0.969622585362	0.240647359206	-0.007246120202
-0.287681999174	-0.218426844418	0.932485271191	-0.374833267797
0.000000000000	0.000000000000	0.000000000000	1.000000000000
5	38	55
0.979580219096	-0.136055509159	0.148025311293	0.431444691049
0.085327127577	0.947985738981	0.306663202861	-0.081165410405
-0.182049102320	-0.287770632826	0.940237303678	0.079104136160
0.000000000000	0.000000000000	0.000000000000	1.000000000000
5	39	55
0.922602550544	0.246160576807	-0.297000848745	0.676123423091
-0.082711007779	0.878255786192	0.470983718628	-0.205829774797
0.376780337759	-0.409965540560	0.830641217754	0.454529973725
0.000000000000	0.000000000000	0.000000000000	1.000000000000
5	40	55
0.912221539344	0.327223676427	-0.246528961267	1.013985123545
-0.085234535471	0.740145733824	0.667022763228	-0.378547615701
0.400732999790	-0.587459750355	0.703067638703	0.458356064233
0.000000000000	0.000000000000	0.000000000000	1.000000000000
5	41	55
0.924614534524	0.341088523858	-0.169548168490	0.854013162351
-0.091097694511	0.630220421970	0.771053454558	-0.547780519935
0.369850202921	-0.697481783722	0.613783340256	0.494204622541
0.000000000000	0.000000000000	0.000000000000	1.000000000000
6	7	55
0.993288839514	0.114716990191	0.014740877125	0.354226478913
-0.115116175122	0.968207677040	0.222085930095	-0.081158194953
0.011204799065	-0.222292389169	0.974915661068	0.026892338533
0.000000000000	0.000000000000	0.000000000000	1.000000000000
6	8	55
0.956016127046	0.229877975261	-0.182179256004	0.312113309340
-0.130660262012	0.889841625550	0.437161042832	-0.355219364954
0.262604380693	-0.394129417741	0.880738861021	0.134937038903
0.000000000000	0.000000000000	0.000000000000	1.000000000000
6	9	55
0.786582280483	0.449171355180	-0.423713829979	0.130879449966
-0.296306827292	0.876591848089	0.379195195069	-0.353788731987
0.541747708929	-0.172718920645	0.822604154087	0.156879887213
0.000000000000	0.000000000000	0.000000000000	1.000000000000
6	37	55
0.963973010376	-0.038692820484	0.263170858778	-0.634738039545
0.003611569914	0.991176516817	0.132499317259	-0.006845203265
-0.265975547428	-0.126775305775	0.955607152556	-0.084071168133
0.000000000000	0.000000000000	0.000000000000	1.000000000000
6	38	55
0.968372446874	-0.041150407685	0.246092356814	-0.120878116418
-0.010112303453	0.979022832288	0.203499472182	-0.169202495370
-0.249304122416	-0.199551842404	0.947642610238	0.403957254981
0.000000000000	0.000000000000	0.000000000000	1.000000000000
6	39	55
0.923536394346	0.262601270148	-0.279501522777	0.288815889771
-0.165099091088	0.930040141586	0.328279797063	-0.278429405123
0.346154327490	-0.257032892748	0.902281149978	0.703695786143
0.000000000000	0.000000000000	0.000000000000	1.000000000000
6	40	55
0.903430061266	0.351793840185	-0.245061662461	0.615646442538
-0.160366173601	0.807379100143	0.567821872612	-0.483481006494
0.397613901625	-0.473687748057	0.785826381954	0.701432277759
0.000000000000	0.000000000000	0.000000000000	1.000000000000
6	41	55
0.866989612363	0.451275874626	-0.211374305524	0.506253202573
-0.161350845298	0.655532987928	0.737727867482	-0.737758744317
0.471481618705	-0.605496974987	0.641154034928	0.853737472666
0.000000000000	0.000000000000	0.000000000000	1.000000000000
7	8	55
0.965960385542	0.075567515052	-0.247406718244	0.018640363842
-0.034832314636	0.985667666639	0.165063505351	-0.265426022936
0.256334241608	-0.150827058615	0.954748110744	0.052455913212
0.000000000000	0.000000000000	0.000000000000	1.000000000000
7	37	55
0.944498460873	-0.231413658780	0.233174561088	-0.950712040450
0.254030557242	0.964532736787	-0.071729182713	-0.027938004758
-0.208305384942	0.126981566360	0.969785826051	-0.111900213725
0.000000000000	0.000000000000	0.000000000000	1.000000000000
7	38	55
0.951504161740	-0.216998257819	0.218063262139	-0.437143247501
0.226410066170	0.973850026093	-0.018831054536	-0.205748986074
-0.208274607496	0.067289544371	0.975752942650	0.316958669929
0.000000000000	0.000000000000	0.000000000000	1.000000000000
7	39	55
0.936755218242	0.066007382471	-0.343704359234	0.011715883184
-0.062641126408	0.997817228189	0.020901397336	-0.317878626680
0.344333777576	0.001950535191	0.938845272147	0.623033222264
0.000000000000	0.000000000000	0.000000000000	1.000000000000
7	40	55
0.939923526212	0.201176797295	-0.275810915488	0.283339980573
-0.119301750384	0.950543619492	0.286764572078	-0.459935706469
0.319860684092	-0.236632042788	0.917439054705	0.520272018318
0.000000000000	0.000000000000	0.000000000000	1.000000000000
7	41	55
0.915186203457	0.295248836520	-0.274339821273	0.228075095159
-0.125773634062	0.855920167263	0.501579166480	-0.752456021327
0.382903651037	-0.424533616815	0.820460847461	0.611624846779
0.000000000000	0.000000000000	0.000000000000	1.000000000000
8	9	55
0.934613914411	0.224773756494	-0.275633070189	-0.128326505326
-0.244804940935	0.968743182222	-0.040089746709	-0.112289895233
0.258006534576	0.104944772567	0.960426583778	0.051014218151
0.000000000000	0.000000000000	0.000000000000	1.000000000000
8	36	55
0.998687163973	0.035520781213	-0.036908300110	-1.344895568345
-0.046383960902	0.932826929100	-0.357326809121	0.765196349764
0.021736528841	0.358569650762	0.933249874828	-0.463407739514
0.000000000000	0.000000000000	0.000000000000	1.000000000000
8	37	55
0.841616144632	-0.231558495498	0.487916927619	-1.019127458659
0.374343416982	0.901309839369	-0.217962335322	0.205829423652
-0.389293297215	0.366089110217	0.845239310565	0.135385482903
0.000000000000	0.000000000000	0.000000000000	1.000000000000
8	38	55
0.875053076452	-0.247214463686	0.416133539066	-0.295246314699
0.337569065489	0.927836067555	-0.158642231986	-0.014594472292
-0.346885052166	0.279294183055	0.895357760839	0.350146370354
0.000000000000	0.000000000000	0.000000000000	1.000000000000
8	39	55
0.988693325776	0.078916804886	-0.127505472323	0.166273185161
-0.097345049846	0.984564991932	-0.145450053052	-0.159001841694
0.114058970872	0.156217523245	0.981114996621	0.519198640193
0.000000000000	0.000000000000	0.000000000000	1.000000000000
8	40	55
0.984584695839	0.135259061277	-0.110896181462	0.473279453500
-0.118671855301	0.982355542104	0.144549575082	-0.286388010170
0.128491118291	-0.129161043816	0.983263676376	0.377829488399
0.000000000000	0.000000000000	0.000000000000	1.000000000000
8	41	55
0.977032930225	0.194804935516	-0.086357920042	0.369460904182
-0.153455930367	0.924422238555	0.349134361385	-0.582499578314
0.147844278518	-0.327863633181	0.933084941121	0.392951063597
0.000000000000	0.000000000000	0.000000000000	1.000000000000
8	42	55
0.555918493306	0.716403940519	-0.421568526825	0.232968943892
-0.533893912350	0.696451233134	0.479492408931	-0.511851876223
0.637112171565	-0.041485827415	0.769653822811	0.440449765128
0.000000000000	0.000000000000	0.000000000000	1.000000000000
9	10	55
0.931291912849	0.157377434045	-0.328523539973	-0.254717827151
-0.203436956085	0.972812249092	-0.110678511532	-0.003538213331
0.302173423652	0.169907831690	0.937988566438	-0.033725713664
0.000000000000	0.000000000000	0.000000000000	1.000000000000
9	20	55
0.431556494086	-0.077596042411	0.898742369433	-2.973506841551
0.561647280848	0.802744648828	-0.200383034944	0.083619572653
-0.705911697260	0.591252808010	0.390011272519	0.550628983373
0.000000000000	0.000000000000	0.000000000000	1.000000000000
9	36	55
0.940065006568	-0.161174068239	0.300500753998	-1.492552556098
0.234935539390	0.944847561267	-0.228184965102	0.466644089785
-0.247149905438	0.285107007445	0.926083645546	-0.156759630288
0.000000000000	0.000000000000	0.000000000000	1.000000000000
9	43	55
0.630525621971	0.552152244321	-0.545495498725	0.639596328580
-0.389458706094	0.832993819848	0.392992636500	-0.384607962786
0.671386145438	-0.035343955446	0.740264444997	0.352008882890
0.000000000000	0.000000000000	0.000000000000	1.000000000000
9	44	55
0.790794999753	0.164480244040	-0.589567229149	0.593886649257
-0.157014396752	0.985498702302	0.064333404809	-0.298456900065
0.591599313369	0.041696007990	0.805153212339	0.279696695661
0.000000000000	0.000000000000	0.000000000000	1.000000000000
9	45	55
0.641463353963	0.231525871214	-0.731382619756	0.520618894200
-0.382894585562	0.922757249221	-0.043712645283	-0.034222473435
0.664768006052	0.308082505133	0.680564962484	0.390507629548
0.000000000000	0.000000000000	0.000000000000	1.000000000000
10	18	55
-0.125469387152	-0.352102223937	0.927513588464	-2.461317210431
0.410435803826	0.832722429030	0.371639350887	-0.562441210972
-0.903216410294	0.427314146839	0.040034186472	1.452612902935
0.000000000000	0.000000000000	0.000000000000	1.000000000000
10	19	55
0.494566944051	-0.273823724866	0.824878236804	-2.301548695120
0.336493898618	0.935384240529	0.108757430840	-0.900682156827
-0.801358467881	0.223778663574	0.554750138066	1.671811196277
0.000000000000	0.000000000000	0.000000000000	1.000000000000
10	20	55
0.003332705330	-0.166799811807	0.985985149917	-2.323798256279
0.410821147682	0.899170748078	0.150724750516	-0.618086476918
-0.911709864865	0.404561229707	0.071521561265	1.487435785403
0.000000000000	0.000000000000	0.000000000000	1.000000000000
10	35	55
0.995418875531	-0.028101497843	-0.091386914030	-1.511334883238
0.018414409028	0.994284144182	-0.105166297682	0.300994799327
0.093819890094	0.103001681768	0.990246677235	-0.431739198149
0.000000000000	0.000000000000	0.000000000000	1.000000000000
10	36	55
0.723128601617	-0.280234144825	0.631311214535	-1.353228779729
0.334460028416	0.941762112669	0.034937265677	0.109975684871
-0.604335597922	0.185884230680	0.774742239632	0.296236836035
0.000000000000	0.000000000000	0.000000000000	1.000000000000
10	43	55
0.903207680827	0.269764412082	-0.333830866260	0.994605444151
-0.117957334322	0.903857284166	0.411251841502	-0.096059884472
0.412676571390	-0.332068022901	0.848191532375	0.061700450274
0.000000000000	0.000000000000	0.000000000000	1.000000000000
10	44	55
0.948858157059	-0.029160153367	-0.314353118703	0.957297763111
0.068165929538	0.991160967920	0.113812748503	-0.107073786114
0.308255744201	-0.129420327334	0.942458898329	0.070227716231
0.000000000000	0.000000000000	0.000000000000	1.000000000000
10	45	55
0.884021940952	0.096495913561	-0.457377028917	0.847722405311
-0.118003942411	0.992838668895	-0.018613090072	0.103485696477
0.452305513442	0.070426672593	0.889078065356	0.156092746651
0.000000000000	0.000000000000	0.000000000000	1.000000000000
10	54	55
0.577625019214	0.267351327584	-0.771279848574	0.539595081027
-0.296428758538	0.949045510625	0.106970135431	0.119899875571
0.760578285445	0.166840901464	0.627443053439	0.450144233345
0.000000000000	0.000000000000	0.000000000000	1.000000000000
11	34	55
0.858255203189	-0.364778241907	0.361019169062	-1.528606827135
0.353018158238	0.930188106897	0.100639285285	0.099868835202
-0.372526758977	0.041072131909	0.927112125812	-0.122216097895
0.000000000000	0.000000000000	0.000000000000	1.000000000000
11	35	55
0.762569946156	-0.309501305320	0.568063393667	-1.282958982422
0.412719951829	0.908957850698	-0.058803630975	-0.069900805856
-0.498145880824	0.279292978177	0.820881303088	0.178111668553
0.000000000000	0.000000000000	0.000000000000	1.000000000000
11	46	55
0.939287167855	-0.008744542831	-0.343020625143	0.703161217128
-0.039669609059	0.990204648648	-0.133869622813	0.420403160068
0.340831246249	0.139349512972	0.929739627431	-0.295098304208
0.000000000000	0.000000000000	0.000000000000	1.000000000000
11	47	55
0.760090459468	0.060610545039	-0.646984432004	0.238447697314
-0.114959547914	0.992478508885	-0.042079825858	0.286234611453
0.639567663167	0.106361511981	0.761341206688	-0.066027916319
0.000000000000	0.000000000000	0.000000000000	1.000000000000
11	53	55
0.916925327353	-0.015975527698	-0.398738920313	0.401783242964
-0.071172391573	0.976631441164	-0.202794277059	0.455135488302
0.392660711984	0.214326411450	0.894361087380	-0.355879426105
0.000000000000	0.000000000000	0.000000000000	1.000000000000
11	54	55
0.979326210339	-0.060578086453	-0.193003806142	0.706319305278
0.031611012723	0.988215013612	-0.149772596782	0.595978080654
0.199802196230	0.140575183847	0.969699798942	-0.369810524393
0.000000000000	0.000000000000	0.000000000000	1.000000000000
12	13	55
0.835049607648	0.235518550334	-0.497215411281	-0.000383638897
-0.277554363405	0.960645744148	-0.011105386300	-0.199843442065
0.475032344290	0.147277855426	0.867556053047	0.703474005879
0.000000000000	0.000000000000	0.000000000000	1.000000000000
12	32	55
0.772940051143	-0.497891150519	0.393278628423	-1.460969125966
0.385041550755	0.860746316934	0.332954624651	-0.471231123950
-0.504288292082	-0.105925351639	0.857014082935	1.212983351901
0.000000000000	0.000000000000	0.000000000000	1.000000000000
12	33	55
0.621990399952	-0.460952678241	0.632969644446	-1.837376699208
0.456680647722	0.870193479755	0.184948895071	-0.221343789307
-0.636058746001	0.174028549998	0.751760158176	0.821487005228
0.000000000000	0.000000000000	0.000000000000	1.000000000000
12	47	55
0.940166423809	-0.158836549735	0.301426684305	-0.823668797779
0.192304869748	0.977679897313	-0.084621837966	0.550145041618
-0.281257768984	0.137524430040	0.949726854695	-0.690432347171
0.000000000000	0.000000000000	0.000000000000	1.000000000000
12	48	55
0.989958867983	-0.124583242432	-0.066786640925	-0.950423841157
0.113619158044	0.982381444928	-0.148382558226	0.478914240465
0.084095937038	0.139304387459	0.986672266261	-0.456873821150
0.000000000000	0.000000000000	0.000000000000	1.000000000000
12	52	55
0.997537618080	-0.058579971268	0.038562773263	-1.097632680675
0.067289549729	0.954411563636	-0.290810391313	0.546815574052
-0.019769092360	0.292689176713	0.956003257747	-0.704789682525
0.000000000000	0.000000000000	0.000000000000	1.000000000000
12	53	55
0.858501585401	-0.161041586642	0.486868190824	-0.648363807557
0.281975234765	0.941244046346	-0.185875259780	0.815342081864
-0.428328139216	0.296858977615	0.853469245237	-1.093931744166
0.000000000000	0.000000000000	0.000000000000	1.000000000000
13	14	55
0.771806178061	0.252789357423	-0.583449024578	0.314328231277
-0.349592245259	0.935149143898	-0.057282988066	-0.248125081145
0.531131326097	0.248180618584	0.810127085708	0.396394411786
0.000000000000	0.000000000000	0.000000000000	1.000000000000
13	24	55
0.647469577193	0.264511858444	-0.714714364871	-0.130553399589
-0.383663663274	0.923454679712	-0.005800689798	-0.357243568460
0.658471973658	0.277965701592	0.699392399619	0.667197528051
0.000000000000	0.000000000000	0.000000000000	1.000000000000
13	25	55
0.887359235178	0.288529231780	-0.359644922323	-0.087952027570
-0.191945240072	0.940367683083	0.280830278686	-0.316756128620
0.419226206907	-0.180165210354	0.889825760708	0.758577152265
0.000000000000	0.000000000000	0.000000000000	1.000000000000
13	26	55
0.986019044952	-0.052088557875	-0.158282106163	-0.042956084366
0.035692116249	0.993860809086	-0.104722323320	-0.402919406628
0.162765216894	0.097608781892	0.981824836652	1.007498625942
0.000000000000	0.000000000000	0.000000000000	1.000000000000
13	47	55
0.596067807705	-0.348789227382	0.723221434610	-1.548981093451
0.420580538202	0.902898351148	0.088806409570	0.475340871665
-0.683970159805	0.251238218345	0.684882601720	-0.814900955305
0.000000000000	0.000000000000	0.000000000000	1.000000000000
13	48	55
0.841605611807	-0.282742693094	0.460170146443	-1.536111950414
0.382732508004	0.913377217699	-0.138772783736	0.609364103662
-0.381071937424	0.292914027815	0.876918212159	-0.523921071960
0.000000000000	0.000000000000	0.000000000000	1.000000000000
13	49	55
0.996082216655	-0.072015733092	0.051322040601	-1.741461516719
0.084352573397	0.947988075804	-0.306925481989	0.474352094802
-0.026549218925	0.310052160644	0.950348776321	-0.352548926925
0.000000000000	0.000000000000	0.000000000000	1.000000000000
13	51	55
0.992496820984	-0.115430912775	0.040320772720	-2.102060871524
0.122144359790	0.921040937927	-0.369816638394	0.297723589705
0.005551189806	0.371966792923	0.928229437830	-0.503845047523
0.000000000000	0.000000000000	0.000000000000	1.000000000000
13	52	55
0.800721732647	-0.173690049614	0.573303125346	-1.775032350395
0.340282836258	0.919523134857	-0.196684508315	0.476379032180
-0.493003345034	0.352574773811	0.795385900464	-0.711154711280
0.000000000000	0.000000000000	0.000000000000	1.000000000000
14	15	55
0.938561348900	0.119771159458	-0.323662576942	0.125224886085
-0.118435754450	0.992674122582	0.023896828740	0.012705965456
0.324153615464	0.015904581671	0.945870751141	0.059803230381
0.000000000000	0.000000000000	0.000000000000	1.000000000000
14	16	55
0.847101036495	0.215694342228	-0.485691038315	0.334723818231
-0.186125150224	0.976458981718	0.109019656376	0.100584371790
0.497772299775	-0.001951346446	0.867305557358	-0.342226571967
0.000000000000	0.000000000000	0.000000000000	1.000000000000
14	23	55
0.888667835707	0.135442079818	-0.438092365596	-0.062418556809
-0.117165441503	0.990738169151	0.068630456100	0.030210362463
0.443330279923	-0.009660393452	0.896306275612	0.148526664130
0.000000000000	0.000000000000	0.000000000000	1.000000000000
14	24	55
0.990766574185	0.001805195989	-0.135566724329	-0.212198795015
-0.004653840238	0.999774923692	-0.020698882271	-0.136050933870
0.135498845932	0.021138666554	0.990551977196	0.503693425561
0.000000000000	0.000000000000	0.000000000000	1.000000000000
14	25	55
0.959453760577	-0.249860624693	0.130453629855	-0.184057115549
0.176547749890	0.893506747486	0.412888101313	-0.105888408846
-0.219725677432	-0.373115746687	0.901390740052	0.519619389605
0.000000000000	0.000000000000	0.000000000000	1.000000000000
14	26	55
0.790918218131	-0.387223501442	0.473820991683	0.035886963847
0.337510252699	0.921935885757	0.190055391600	-0.218544853830
-0.510426489861	0.009601170966	0.859867789817	0.715553502152
0.000000000000	0.000000000000	0.000000000000	1.000000000000
14	49	55
0.714632817688	-0.247471655188	0.654261198423	-2.291189646880
0.331645260855	0.943388627101	-0.005414721540	-0.133218753111
-0.615882583643	0.220852163530	0.756249274399	0.586077924745
0.000000000000	0.000000000000	0.000000000000	1.000000000000
14	51	55
0.788577768619	-0.131179466401	0.600780367884	-2.393732545817
0.243001516965	0.963940348129	-0.108486257197	-0.187762158737
-0.564885267636	0.231540391385	0.792018738140	0.524128121251
0.000000000000	0.000000000000	0.000000000000	1.000000000000
15	16	55
0.987754902243	0.066281187658	-0.141234051339	-0.141974071077
-0.065129194025	0.997795144286	0.012768638354	0.199841085506
0.141768971149	-0.003413825197	0.989893885534	-0.330152816759
0.000000000000	0.000000000000	0.000000000000	1.000000000000
15	22	55
0.924797546074	0.178825376141	-0.335813912194	-0.358848574506
-0.105104405473	0.968386420051	0.226231751554	0.322278819889
0.365653610300	-0.173923047091	0.914356719757	-0.543327714145
0.000000000000	0.000000000000	0.000000000000	1.000000000000
15	23	55
0.993735732825	-0.021965307839	-0.109575629403	-0.231967282613
0.023188266707	0.999682106982	0.009898952840	-0.014424512257
0.109323362529	-0.012377812073	0.993929168590	0.229754695650
0.000000000000	0.000000000000	0.000000000000	1.000000000000
15	24	55
0.967014385986	-0.113486829485	0.228043673077	-0.251582833014
0.119578074308	0.992739323146	-0.013027679197	-0.213702822758
-0.224909451651	0.039866976484	0.973563743544	0.584601303065
0.000000000000	0.000000000000	0.000000000000	1.000000000000
15	49	55
0.403916868445	-0.299951750355	0.864222257781	-2.062952661138
0.448786078545	0.888191997757	0.098519190132	-0.495400479250
-0.797146297169	0.348057355300	0.493369900107	1.301945439749
0.000000000000	0.000000000000	0.000000000000	1.000000000000
15	50	55
0.691610690597	-0.124765099028	0.711412905925	-2.111424120925
0.400140459464	0.886185650287	-0.233586399271	-0.416416199068
-0.601300478424	0.446215937959	0.662819033642	1.334429184739
0.000000000000	0.000000000000	0.000000000000	1.000000000000
15	51	55
0.474519216521	-0.179271576282	0.861796504454	-2.292365964831
0.373921509090	0.927369586882	-0.012975144178	-0.559962952851
-0.796877793762	0.328401204723	0.507088188134	1.415529469304
0.000000000000	0.000000000000	0.000000000000	1.000000000000
16	17	55
0.935822600357	0.138857899039	-0.323966888023	-0.261233101139
-0.141102958448	0.989854503169	0.016673861962	0.140770611157
0.322995380428	0.030108909480	0.945921475489	-0.290161845522
0.000000000000	0.000000000000	0.000000000000	1.000000000000
16	22	55
0.967961771819	0.108522181023	-0.226435298757	-0.245408465664
-0.065065037825	0.979383631041	0.191243938734	0.129533985268
0.242521234431	-0.170383800508	0.955066914606	-0.148924052839
0.000000000000	0.000000000000	0.000000000000	1.000000000000
16	23	55
0.997657765620	-0.065507840407	-0.019690239792	0.076079321603
0.065295344392	0.997802580775	-0.011248457633	-0.206725431580
0.020383834248	0.009936430120	0.999742850266	0.575456967960
0.000000000000	0.000000000000	0.000000000000	1.000000000000
16	24	55
0.916547715419	-0.164997975515	0.364302008553	0.040505172782
0.193913374986	0.980031634559	-0.043995434594	-0.359009288307
-0.349768335275	0.110966947059	0.930241069992	0.933504197458
0.000000000000	0.000000000000	0.000000000000	1.000000000000
16	48	55
-0.252391994635	-0.340877870082	0.905594036383	-1.754301895282
0.507321099279	0.750330747857	0.423826699308	-0.678396200888
-0.823968193118	0.566397428056	-0.016442938318	1.747684758634
0.000000000000	0.000000000000	0.000000000000	1.000000000000
16	49	55
0.288069689219	-0.237656470115	0.927650395551	-1.690088133327
0.467988105934	0.880093117434	0.080145101845	-0.668163595503
-0.835465730511	0.411041977002	0.364748552135	1.928191979779
0.000000000000	0.000000000000	0.000000000000	1.000000000000
16	51	55
0.382814108464	-0.182471652730	0.905625449240	-1.793750307610
0.376643294611	0.925954303324	0.027357938169	-0.862094857840
-0.843559830116	0.330624748176	0.423195095562	1.941442196158
0.000000000000	0.000000000000	0.000000000000	1.000000000000
17	21	55
0.949557216812	0.166257955421	-0.265893558139	-0.275349605405
-0.156022273607	0.985970554753	0.059322131614	0.017682134444
0.272025995337	-0.014844440712	0.962175400039	-0.095238618859
0.000000000000	0.000000000000	0.000000000000	1.000000000000
17	22	55
0.990124621030	-0.097572465592	0.100662052375	0.012798724377
0.076084163630	0.977095931195	0.198732838977	-0.038258502415
-0.117747334894	-0.189111488814	0.974870458022	0.154512559941
0.000000000000	0.000000000000	0.000000000000	1.000000000000
18	19	55
0.761199169207	0.187661088879	-0.620773018517	-0.203304155769
-0.202211854838	0.978177002804	0.047750570131	-0.243919213893
0.616186814660	0.089179969195	0.782534818736	0.081279770635
0.000000000000	0.000000000000	0.000000000000	1.000000000000
18	20	55
0.990185219679	0.024651910719	-0.137570033175	-0.114833384092
-0.048696732463	0.983493760500	-0.174266036003	-0.125945637267
0.131003278499	0.179254864243	0.975041452795	0.104609142637
0.000000000000	0.000000000000	0.000000000000	1.000000000000
18	36	55
0.579066701575	0.226330330121	-0.783234534986	1.159524081808
-0.236160690886	0.966071630757	0.104564488845	-0.261995815304
0.780326779758	0.124419395250	0.612870239837	1.256519651086
0.000000000000	0.000000000000	0.000000000000	1.000000000000
18	45	55
-0.567396330277	0.330699982602	-0.754121293888	1.020767978801
-0.200656851360	0.832679084709	0.516122436918	-1.130338779582
0.798622709664	0.444165581056	-0.406101839708	3.293107098422
0.000000000000	0.000000000000	0.000000000000	1.000000000000
19	20	55
0.850815891756	-0.095211088471	0.516766065998	0.105665953625
0.157447793788	0.984454268693	-0.077845906013	0.093680256606
-0.501320766143	0.147596210940	0.852580112335	-0.066662960638
0.000000000000	0.000000000000	0.000000000000	1.000000000000
19	35	55
0.384392440379	0.246770104258	-0.889576847397	2.535870830666
-0.224584149155	0.959658612898	0.169166505662	0.285783916398
0.895435319678	0.134758533439	0.424306170045	-0.229808815125
0.000000000000	0.000000000000	0.000000000000	1.000000000000
19	36	55
0.968700042667	0.066412357428	-0.239185338425	1.786071710139
-0.053906313960	0.996833200944	0.058460916945	0.260640085762
0.242310413833	-0.043737492791	0.969212409677	0.082686797392
0.000000000000	0.000000000000	0.000000000000	1.000000000000
20	36	55
0.710910298859	0.207558306113	-0.671956915687	1.388176949359
-0.061419583076	0.970130384544	0.234679934804	0.017569962204
0.700595590759	-0.125565068981	0.702423826234	0.933226355910
0.000000000000	0.000000000000	0.000000000000	1.000000000000
21	22	55
0.899823890231	-0.285309078585	0.330023781335	0.355384014151
0.226244839276	0.952005436385	0.206152666229	-0.027291182466
-0.373001661217	-0.110834916742	0.921186941918	0.122367938997
0.000000000000	0.000000000000	0.000000000000	1.000000000000
22	23	55
0.962375063782	-0.137056189363	0.234627017982	0.506822063083
0.178749408549	0.969659832955	-0.166758679826	-0.460401111190
-0.204653085863	0.202423835828	0.957675156374	0.568738804252
0.000000000000	0.000000000000	0.000000000000	1.000000000000
23	24	55
0.948521083829	-0.135404269559	0.286310037053	0.122270504498
0.151494285611	0.987848669746	-0.034705721542	-0.187321751455
-0.278131686363	0.076293443138	0.957508263972	0.364369092841
0.000000000000	0.000000000000	0.000000000000	1.000000000000
23	49	55
0.321523043750	-0.235011631348	0.917274476626	-1.734923448677
0.433173471153	0.897910484151	0.078214489334	-0.457188896600
-0.842011684139	0.372191208364	0.390499715991	1.332014079437
0.000000000000	0.000000000000	0.000000000000	1.000000000000
23	50	55
0.607677590896	-0.083149522955	0.789819031396	-1.772533100541
0.345586473511	0.923096435008	-0.168709694450	-0.591853655306
-0.715051001572	0.375471874456	0.589680368203	1.381927815382
0.000000000000	0.000000000000	0.000000000000	1.000000000000
23	51	55
0.395225694462	-0.119232092233	0.910813020668	-1.917726541836
0.355713929314	0.934044136151	-0.032080402332	-0.544437615932
-0.846914547596	0.336667877742	0.411570758397	1.457544837579
0.000000000000	0.000000000000	0.000000000000	1.000000000000
24	25	55
0.921234671443	-0.311193248476	0.233421169208	0.072699945332
0.191518220850	0.885107447925	0.424152775201	0.040622476050
-0.338596295334	-0.346039835469	0.874990846269	0.018756853539
0.000000000000	0.000000000000	0.000000000000	1.000000000000
24	49	55
0.622609656158	-0.230248374168	0.747892306587	-1.998589447403
0.356880852477	0.934101370575	-0.009522952576	0.028337482238
-0.696414584277	0.272837526164	0.663751769205	0.355327311351
0.000000000000	0.000000000000	0.000000000000	1.000000000000
24	50	55
0.826852604717	-0.113093882613	0.550930616129	-2.085183617857
0.269214889982	0.939646829972	-0.211156761520	-0.162413845841
-0.493799668980	0.322914243475	0.807395986042	0.397720441142
0.000000000000	0.000000000000	0.000000000000	1.000000000000
24	51	55
0.712785201877	-0.104327406945	0.693579878706	-2.194732858624
0.239546706911	0.965624224956	-0.100931815528	-0.049858079227
-0.659207578228	0.238087480431	0.713273944897	0.318703471792
0.000000000000	0.000000000000	0.000000000000	1.000000000000
25	26	55
0.945348288455	-0.182016809771	0.270530025092	0.215737891284
0.266189335670	0.909979492378	-0.317931692392	-0.120517647422
-0.188307862532	0.372568388906	0.908698489322	0.184145419980
0.000000000000	0.000000000000	0.000000000000	1.000000000000
25	48	55
0.565466909955	-0.298888114911	0.768708701987	-1.868867898002
0.642173673396	0.744407963848	-0.182947414732	0.734089604400
-0.517552071721	0.597095200220	0.612876149750	-0.437289771919
0.000000000000	0.000000000000	0.000000000000	1.000000000000
25	49	55
0.896344571771	-0.115359470805	0.428087142007	-1.947623405570
0.324015645732	0.829503569190	-0.454904044851	0.538357255654
-0.302622322338	0.546457703026	0.780899294932	-0.305331890421
0.000000000000	0.000000000000	0.000000000000	1.000000000000
25	51	55
0.927609220094	-0.011238997990	0.373382939782	-2.155266547842
0.228253470099	0.808298296165	-0.542728493636	0.511962815617
-0.295705069594	0.588665906385	0.752350292401	-0.346170612589
0.000000000000	0.000000000000	0.000000000000	1.000000000000
25	52	55
