0	1	60
0.995961550658	0.080014960481	-0.040720949268	-0.118947939250
-0.079219681287	0.996640466639	0.020785147458	-0.041398378477
0.042247268633	-0.017475307071	0.998954344270	0.119900462707
0.000000000000	0.000000000000	0.000000000000	1.000000000000
0	2	60
0.960595029052	0.150596148627	-0.233619327494	-0.413353647433
-0.133856657499	0.987260458908	0.086018495216	-0.224816927747
0.243597178562	-0.051357436605	0.968515786295	0.348111937702
0.000000000000	0.000000000000	0.000000000000	1.000000000000
0	3	60
0.928730916433	0.105440685599	-0.355444998111	-0.280936152244
-0.138233892253	0.988056539394	-0.068085725327	-0.486816812336
0.344020749221	0.112367863650	0.932214131691	0.586996656002
0.000000000000	0.000000000000	0.000000000000	1.000000000000
0	4	60
0.983755427567	-0.086958815061	0.157045927088	-0.049806554847
0.097219652965	0.993520448787	-0.058868131610	-0.495034835020
-0.150909236991	0.073179794514	0.985835239716	0.507224108311
0.000000000000	0.000000000000	0.000000000000	1.000000000000
0	5	60
0.947623577095	-0.196398428385	0.251867452167	0.104415759642
0.227017529906	0.968884214410	-0.098622614960	-0.248611791861
-0.224661071947	0.150635442026	0.962723411140	0.317682815529
0.000000000000	0.000000000000	0.000000000000	1.000000000000
0	6	60
0.967831978380	-0.140217016578	0.208902967634	0.490041986163
0.157595537600	0.985095343952	-0.068926118800	0.006087143822
-0.196124726011	0.099631077411	0.975504351739	0.298914718758
0.000000000000	0.000000000000	0.000000000000	1.000000000000
0	10	60
0.999226006525	0.006771141726	-0.038749703531	0.779674216683
-0.009651112085	0.997164963472	-0.074625006930	-0.148768817530
0.038134550207	0.074941225394	0.996458513345	0.214806773409
0.000000000000	0.000000000000	0.000000000000	1.000000000000
0	11	60
0.967898345648	-0.248253053224	0.039283763270	0.488133539488
0.248920605831	0.968435969698	-0.013050079964	-0.245994290513
-0.034804087180	0.022409688960	0.999142873345	0.379028962297
0.000000000000	0.000000000000	0.000000000000	1.000000000000
0	12	60
0.983333615268	-0.166748887962	-0.072455568781	0.182171696283
0.165181969589	0.985889413576	-0.027147396215	-0.320903543284
0.075959976346	0.014726593706	0.997002111047	0.663166814476
0.000000000000	0.000000000000	0.000000000000	1.000000000000
0	13	60
0.965326673894	-0.153889168147	-0.210861415618	-0.058541132040
0.150672014127	0.988086948430	-0.031338897566	-0.419057342988
0.213172129577	-0.001518640442	0.977013478363	0.707149703166
0.000000000000	0.000000000000	0.000000000000	1.000000000000
0	14	60
0.975797190435	-0.206355242495	-0.072369586390	-0.242040400066
0.209452408267	0.977075699752	0.038115162677	-0.544355923299
0.062845300626	-0.052350652807	0.996649325159	0.957795207595
0.000000000000	0.000000000000	0.000000000000	1.000000000000
0	15	60
0.869535621871	-0.431549942647	0.240150888608	-0.068896401540
0.390663113429	0.898517291549	0.200122483979	-0.606688042471
-0.302142572478	-0.080195534721	0.949883436063	1.020930740814
0.000000000000	0.000000000000	0.000000000000	1.000000000000
0	19	60
0.809550481152	-0.364498759096	0.460183303787	0.096115636710
0.407858212449	0.913027585815	0.005683843587	-0.168908694127
-0.422231804824	0.183088181371	0.887805733726	0.292756870920
0.000000000000	0.000000000000	0.000000000000	1.000000000000
0	26	60
0.770913580498	0.169911708699	-0.613858503771	2.417327839615
-0.130662857402	0.985452825046	0.108673581449	-0.438014217366
0.623393510633	-0.003569433637	0.781900115132	0.765092295608
0.000000000000	0.000000000000	0.000000000000	1.000000000000
0	27	60
0.259819973339	0.354117004523	-0.898384510420	2.106772999069
-0.324585984565	0.908230106568	0.264124993416	-0.792013660348
0.909471011126	0.222978072085	0.350917738638	1.393715310248
0.000000000000	0.000000000000	0.000000000000	1.000000000000
0	28	60
0.155319180235	0.334748287911	-0.929418923840	1.566593767207
-0.302907530068	0.911654103691	0.277729766953	-0.988990275121
0.940278139956	0.238391230889	0.242995145129	1.754312449633
0.000000000000	0.000000000000	0.000000000000	1.000000000000
0	29	60
-0.246478517808	-0.603507158936	0.758305643769	-2.471604485416
0.508548263812	0.585527502005	0.631297242010	-1.557813500344
-0.825001214322	0.541236227085	0.162592567045	1.347389248901
0.000000000000	0.000000000000	0.000000000000	1.000000000000
0	31	60
0.267510062249	-0.747082249255	0.608528125433	-1.511300806122
0.500351861828	0.647425747420	0.574880784114	-1.194782497281
-0.823460005684	0.150691786191	0.546996896347	1.263667094262
0.000000000000	0.000000000000	0.000000000000	1.000000000000
0	32	60
-0.589061882487	0.590011316443	-0.552170938270	0.208229232553
-0.417888284175	0.362429900746	0.833074996021	-1.314643070767
0.691646933450	0.721478491374	0.033065177070	1.871508778102
0.000000000000	0.000000000000	0.000000000000	1.000000000000
0	37	60
0.357721737419	-0.674197573659	0.646136820070	-0.258038149535
0.509605309009	0.720749752978	0.469917250814	-1.095358897968
-0.782520023774	0.161175138449	0.601402516737	1.171695938014
0.000000000000	0.000000000000	0.000000000000	1.000000000000
0	38	60
0.650565429819	-0.601243299215	0.463973185296	-0.423971476713
0.427891391366	0.794919623271	0.430129921924	-0.830832534418
-0.627434123012	-0.081297525721	0.774414058235	0.675144610548
0.000000000000	0.000000000000	0.000000000000	1.000000000000
0	39	60
0.685400028998	-0.491075133431	0.537654176562	-0.370933274950
0.339981477575	0.868762039866	0.360090423358	-0.637988275600
-0.643924991870	-0.064013525240	0.762405976781	0.377804810840
0.000000000000	0.000000000000	0.000000000000	1.000000000000
0	41	60
0.961555676826	-0.096543976474	-0.257079639352	-0.471261741991
-0.001895742399	0.933806512433	-0.357773396857	-0.327913692609
0.274603507851	0.344506397538	0.897723930578	-0.022249534696
0.000000000000	0.000000000000	0.000000000000	1.000000000000
1	2	60
0.970703103895	0.066998467909	-0.230752441779	-0.225918718858
-0.066762387064	0.997729739850	0.008840242796	-0.125082994496
0.230820856429	0.006824332713	0.972972332968	0.231384822671
0.000000000000	0.000000000000	0.000000000000	1.000000000000
1	3	60
0.948702349849	0.061097668611	-0.310211099547	-0.111358242118
-0.095194970365	0.990820496853	-0.095982605888	-0.479862847311
0.301499202335	0.120589460178	0.945809924395	0.486761513086
0.000000000000	0.000000000000	0.000000000000	1.000000000000
1	4	60
0.960504704150	-0.160733736898	0.227146162480	0.054314696157
0.183410353178	0.979577437071	-0.082393489602	-0.444542984747
-0.209263842202	0.120800292238	0.970368967837	0.385531310406
0.000000000000	0.000000000000	0.000000000000	1.000000000000
1	5	60
0.916836178334	-0.286051073339	0.278543004829	0.300048104070
0.325910419758	0.939182832695	-0.108249734703	-0.170454417257
-0.230637855503	0.190027340695	0.954303824470	0.208466707446
0.000000000000	0.000000000000	0.000000000000	1.000000000000
1	10	60
0.995569140714	-0.093353257433	0.011280752809	0.879165471852
0.093944508803	0.992640312896	-0.076417527306	-0.077284414409
-0.004063904899	0.077138696777	0.997012089263	0.034680514977
0.000000000000	0.000000000000	0.000000000000	1.000000000000
1	11	60
0.952638314889	-0.285092822098	0.105841030763	0.575714753650
0.289773910462	0.956575729302	-0.031527050708	-0.174017532078
-0.092256825333	0.060703845831	0.993883152730	0.227646828235
0.000000000000	0.000000000000	0.000000000000	1.000000000000
1	12	60
0.972824248055	-0.227597919805	-0.042569581837	0.363167232671
0.225766795781	0.973194976341	-0.043827981339	-0.286475747485
0.051403660571	0.033026124900	0.998131724150	0.524737489936
0.000000000000	0.000000000000	0.000000000000	1.000000000000
1	13	60
0.971213153222	-0.201316750971	-0.127344323731	0.041244493415
0.196427003580	0.979243426846	-0.049987430858	-0.395547197397
0.134764399129	0.023534586412	0.990598142523	0.553316192966
0.000000000000	0.000000000000	0.000000000000	1.000000000000
1	14	60
0.955793546473	-0.293064994424	-0.023908273959	-0.074804203992
0.293519315102	0.955776622624	0.018370065552	-0.533260147375
0.017467346178	-0.024575530300	0.999545364217	0.817193312935
0.000000000000	0.000000000000	0.000000000000	1.000000000000
1	26	60
0.816445092081	0.076707582198	-0.572305301784	2.592666972957
-0.090226265418	0.995909876586	0.004768516269	-0.157378889662
0.570330283822	0.047743738354	0.820026769565	0.486292232163
0.000000000000	0.000000000000	0.000000000000	1.000000000000
1	27	60
0.304047982007	0.288082433182	-0.908054698974	2.349601810374
-0.326300012015	0.927017658362	0.184841995345	-0.598664812914
0.895032472481	0.240097423511	0.375859149719	1.219540251508
0.000000000000	0.000000000000	0.000000000000	1.000000000000
1	28	60
0.182328516998	0.313503087304	-0.931918519045	1.796049443009
-0.361609723378	0.902759569796	0.232945416571	-0.904279969318
0.914327468606	0.294518205538	0.277964578245	1.555186979217
0.000000000000	0.000000000000	0.000000000000	1.000000000000
1	29	60
0.271018087545	0.263458163006	-0.925818012662	1.291334017720
-0.275192213640	0.942877213278	0.187754643704	-1.031388275915
0.922398201307	0.203893003868	0.328038414212	1.656569786286
0.000000000000	0.000000000000	0.000000000000	1.000000000000
1	31	60
-0.202474361540	0.473786987276	-0.857047270345	0.315671809868
-0.460843777213	0.726112898400	0.510277445887	-1.257220260017
0.864075891298	0.498283001380	0.071322539301	1.830860971565
0.000000000000	0.000000000000	0.000000000000	1.000000000000
1	32	60
-0.658825099275	0.514242109794	-0.549094291612	0.316591253261
-0.436949108120	0.332582617456	0.835741754060	-1.309560327928
0.612392819585	0.790533905080	0.005583855269	1.723007433918
0.000000000000	0.000000000000	0.000000000000	1.000000000000
1	40	60
0.987663587099	-0.078009340138	-0.135776218720	-0.384770164374
0.013636678968	0.906631380914	-0.421703189612	0.067979863969
0.155995768229	0.414649348237	0.896510590178	-0.356207477722
0.000000000000	0.000000000000	0.000000000000	1.000000000000
1	41	60
0.974127424462	-0.047152454044	-0.221025806158	-0.347275699050
-0.045831811597	0.916454253033	-0.397506034096	-0.234618707066
0.221303425089	0.397351542308	0.890582138755	-0.122990938691
0.000000000000	0.000000000000	0.000000000000	1.000000000000
2	3	60
0.997554099486	0.010780121386	-0.069062345613	0.159900372315
-0.019001985836	0.992649419123	-0.119524287277	-0.349148304710
0.067266210931	0.120544264475	0.990426341112	0.177091336789
0.000000000000	0.000000000000	0.000000000000	1.000000000000
2	11	60
0.885088143533	-0.318126769551	0.339726855977	0.725389563899
0.357142851529	0.932280956658	-0.057456082841	0.127453390455
-0.298442560267	0.172184715781	0.938767522805	-0.188803336598
0.000000000000	0.000000000000	0.000000000000	1.000000000000
2	12	60
0.940368953857	-0.267620557767	0.209965396395	0.585786161686
0.288635205226	0.954399252474	-0.076235065300	-0.064056679771
-0.179988746668	0.132292493882	0.974732141224	0.153156008394
0.000000000000	0.000000000000	0.000000000000	1.000000000000
2	13	60
0.971374040262	-0.216488034694	0.097802887175	0.343152305227
0.223915311977	0.971900679070	-0.072601674118	-0.223535668597
-0.079337298715	0.092422945512	0.992554075190	0.228938761419
0.000000000000	0.000000000000	0.000000000000	1.000000000000
2	14	60
0.915014455314	-0.339022953304	0.218659515457	0.255532532473
0.347724963433	0.937595530625	-0.001403836535	-0.368184068583
-0.204538251613	0.077317902739	0.975800207800	0.516636365710
0.000000000000	0.000000000000	0.000000000000	1.000000000000
2	26	60
-0.991381846948	0.069008443707	0.111354695629	-0.558586532575
-0.130745958296	-0.467879037058	-0.874067904153	2.821745021189
-0.008217537997	-0.881094229568	0.472869359010	1.034001091053
0.000000000000	0.000000000000	0.000000000000	1.000000000000
2	27	60
0.534087795594	0.234625682115	-0.812219807620	2.785898284447
-0.319116308578	0.945598235143	0.063314763637	-0.145857456257
0.782888886240	0.225376944222	0.579905358499	0.422919478221
0.000000000000	0.000000000000	0.000000000000	1.000000000000
2	28	60
0.406005614547	0.273793271297	-0.871892588309	2.391333952338
-0.293365281509	0.942618829017	0.159394337377	-0.612643974432
0.865503467678	0.191068018713	0.463029977068	0.916631235565
0.000000000000	0.000000000000	0.000000000000	1.000000000000
2	29	60
0.482756341097	0.201201852442	-0.852328651228	1.916507418967
-0.225810028804	0.968939084045	0.100830959046	-0.732183332326
0.846141918369	0.143787572426	0.513194883055	1.077871869450
0.000000000000	0.000000000000	0.000000000000	1.000000000000
2	30	60
0.348266305348	0.353285386619	-0.868274159561	1.396374933736
-0.384767197183	0.898512265043	0.211257931306	-1.053314854785
0.854789321723	0.260509395549	0.448854174871	1.273233461500
0.000000000000	0.000000000000	0.000000000000	1.000000000000
2	31	60
-0.010046332828	0.588207778331	-0.808647439066	0.922041583479
-0.554629106141	0.669614713067	0.493966284948	-1.147431399274
0.832037033922	0.453461956016	0.319509982047	1.362037916032
0.000000000000	0.000000000000	0.000000000000	1.000000000000
2	40	60
0.994210670238	-0.079534499440	0.072245460647	-0.227924486741
0.102584132920	0.902624622775	-0.418025460987	0.180797630968
-0.031963085871	0.423016611682	0.905558008844	-0.565056006602
0.000000000000	0.000000000000	0.000000000000	1.000000000000
2	41	60
0.994725993167	-0.093511375618	0.042140492966	-0.204963286166
0.102473071375	0.888379133419	-0.447528529760	-0.020899253011
0.004412273823	0.449486526980	0.893276213667	-0.295101601461
0.000000000000	0.000000000000	0.000000000000	1.000000000000
2	42	60
0.985249346500	-0.089209377283	0.146032230091	-0.113204169214
0.144161539130	0.892485393951	-0.427419316621	-0.236471046346
-0.092201821328	0.442166833435	0.892181212285	0.130369458980
0.000000000000	0.000000000000	0.000000000000	1.000000000000
3	4	60
0.848171337691	-0.178884113737	0.498603906696	0.173078347757
0.168964607282	0.983449435368	0.065407717894	0.009859567720
-0.502052132159	0.028769461703	0.864358707174	-0.164539519476
0.000000000000	0.000000000000	0.000000000000	1.000000000000
3	5	60
0.775025928870	-0.249946042301	0.580397954439	0.248391740828
0.297622382001	0.954585901614	0.013662875655	0.325796993179
-0.557454686330	0.162150338813	0.814218361566	-0.418339154890
0.000000000000	0.000000000000	0.000000000000	1.000000000000
3	10	60
0.926900370424	-0.124271420924	0.354136015183	0.671764236432
0.116230911277	0.992248181692	0.043976370838	0.395821659877
-0.356855823229	0.000399837341	0.934159387662	-0.778001117201
0.000000000000	0.000000000000	0.000000000000	1.000000000000
3	11	60
0.873005610377	-0.295495922174	0.387999180706	0.599238703415
0.292774284380	0.953785807029	0.067645049453	0.349473491295
-0.390056947965	0.054541674784	0.919173967786	-0.486161411264
0.000000000000	0.000000000000	0.000000000000	1.000000000000
3	12	60
0.925633717586	-0.268789981055	0.266372233825	0.456678344944
0.259360378168	0.963191797972	0.070666502364	0.232186996114
-0.275561998659	0.003675106006	0.961276275839	-0.113532715927
0.000000000000	0.000000000000	0.000000000000	1.000000000000
3	13	60
0.946186551282	-0.284267903178	0.154669872293	0.216813905678
0.277174002148	0.958542912235	0.066106413733	0.119260093782
-0.167049641441	-0.019678532113	0.985752084790	0.017679408202
0.000000000000	0.000000000000	0.000000000000	1.000000000000
3	14	60
0.895477248712	-0.350844068680	0.273914104257	0.147298005224
0.329668639535	0.936251974807	0.121452985870	0.044999630404
-0.299063680754	-0.018457495534	0.954054629312	0.326393333980
0.000000000000	0.000000000000	0.000000000000	1.000000000000
3	26	60
0.912546668025	-0.081575694125	-0.400754269852	2.710406117020
0.075361183236	0.996665762502	-0.031273789624	0.744480160452
0.401969241034	-0.001662523445	0.915651661538	-0.607730729608
0.000000000000	0.000000000000	0.000000000000	1.000000000000
3	27	60
0.573604270769	0.197438827501	-0.794981792213	2.666843616073
-0.094437324446	0.979984905043	0.175246048856	0.132109665779
0.813670530563	-0.025445928620	0.580769121432	0.042761034986
0.000000000000	0.000000000000	0.000000000000	1.000000000000
3	28	60
0.493731339497	0.213802966008	-0.842922093746	2.244907459956
-0.144396019516	0.976005669965	0.162980740409	-0.059518364045
0.857542508536	0.041245895824	0.512756884040	0.529467277255
0.000000000000	0.000000000000	0.000000000000	1.000000000000
3	29	60
0.559072645167	0.226968453504	-0.797447865719	1.803554596474
-0.182527833633	0.971897919325	0.148654042532	-0.290708393886
0.808777699603	0.062448022591	0.584789600711	0.776846473397
0.000000000000	0.000000000000	0.000000000000	1.000000000000
3	30	60
0.329425365874	0.322925650005	-0.887241766875	1.401392237608
-0.230105150886	0.938819165975	0.256261961935	-0.570889554074
0.915713136225	0.119739710069	0.383577702660	1.232887247532
0.000000000000	0.000000000000	0.000000000000	1.000000000000
3	40	60
0.985340561332	-0.080566346901	0.150376334376	-0.475506058092
0.122912698808	0.946536232764	-0.298264360151	0.403345447406
-0.118306579129	0.312375133152	0.942563170044	-0.793992712814
0.000000000000	0.000000000000	0.000000000000	1.000000000000
3	41	60
0.990010508595	-0.097259785154	0.102077064338	-0.382072366200
0.125030508433	0.940223499370	-0.316776172073	0.210216914553
-0.065165672199	0.326374486478	0.942991585192	-0.525870077815
0.000000000000	0.000000000000	0.000000000000	1.000000000000
3	42	60
0.976595352488	-0.095012971118	0.192961272847	-0.235617876046
0.147924043999	0.947978263883	-0.281878854143	0.041870901365
-0.156140945003	0.303825190735	0.939845869687	-0.090288073721
0.000000000000	0.000000000000	0.000000000000	1.000000000000
3	43	60
0.989460713476	-0.098697506813	0.105954228968	-0.109921247377
0.125566098013	0.949249880364	-0.288370975758	-0.112060426422
-0.072115542828	0.298636010519	0.951638524706	0.328328549377
0.000000000000	0.000000000000	0.000000000000	1.000000000000
3	44	60
0.904469731833	-0.137352747750	0.403817690157	-0.118874761659
0.220749946390	0.960817723512	-0.167626857496	-0.319838591284
-0.364971184297	0.240756152301	0.899351160427	0.692880319590
0.000000000000	0.000000000000	0.000000000000	1.000000000000
3	45	60
0.841324386659	-0.139474834611	0.522226049640	0.081420071082
0.263314649667	0.949502381722	-0.170618352986	-0.283807655799
-0.472057911366	0.281055150487	0.835565276146	0.938597828383
0.000000000000	0.000000000000	0.000000000000	1.000000000000
4	5	60
0.985857471573	-0.149837295649	0.075058847418	0.229431509159
0.154026358671	0.986617003248	-0.053504857130	0.265258353441
-0.066037312010	0.064309204121	0.995742637275	-0.147624664706
0.000000000000	0.000000000000	0.000000000000	1.000000000000
4	6	60
0.996733434403	-0.054486222014	0.059613021686	0.611176671995
0.055297686085	0.998397233181	-0.012047019946	0.437760092610
-0.058861079310	0.015304129725	0.998148865128	-0.153527251488
0.000000000000	0.000000000000	0.000000000000	1.000000000000
4	7	60
0.997834729827	-0.062515104812	0.020438043495	0.928447605557
0.061983195827	0.997746293656	0.025698578364	0.523393416465
-0.021998531467	-0.024376118746	0.999460789350	-0.314189007583
0.000000000000	0.000000000000	0.000000000000	1.000000000000
4	9	60
0.990884652459	0.092829931091	0.097622791474	1.363927501634
-0.094983590854	0.995322535688	0.017639938234	0.241160976347
-0.095528650100	-0.026751707349	0.995067145053	-0.278506937783
0.000000000000	0.000000000000	0.000000000000	1.000000000000
4	10	60
0.979515236031	0.074698754508	-0.187002669655	0.886509796219
-0.075712685731	0.997128183829	0.001724596680	0.249284157558
0.186594457588	0.012469205634	0.982357891661	-0.194045117755
0.000000000000	0.000000000000	0.000000000000	1.000000000000
4	11	60
0.985699023737	-0.118747942579	-0.119567389940	0.590065221014
0.124688767919	0.991243227878	0.043469234425	0.214988799588
0.113358483400	-0.057756292470	0.991874016658	-0.039128786489
0.000000000000	0.000000000000	0.000000000000	1.000000000000
4	12	60
0.964811490415	-0.069813604743	-0.253505125306	0.276979812268
0.085750571984	0.994939985473	0.052357088461	0.163890337322
0.248567148610	-0.072252930048	0.965916086796	0.197028609958
0.000000000000	0.000000000000	0.000000000000	1.000000000000
4	13	60
0.945820140781	0.018944638604	-0.324137874925	-0.073402907934
-0.003886458351	0.998885418631	0.047040577046	0.142731125718
0.324667763620	-0.043232176853	0.944839574822	0.156875529107
0.000000000000	0.000000000000	0.000000000000	1.000000000000
4	14	60
0.961519627884	-0.138170705500	-0.237463389464	-0.231029702063
0.173917896206	0.975215310470	0.136775961353	-0.019670141348
0.212679502006	-0.172811904585	0.961719020848	0.409991791401
0.000000000000	0.000000000000	0.000000000000	1.000000000000
4	15	60
0.957475024252	-0.276019999070	0.083991297443	-0.066229476430
0.250329122540	0.939504122644	0.233810465855	-0.056744419382
-0.143446534782	-0.202842213675	0.968647576785	0.529097917908
0.000000000000	0.000000000000	0.000000000000	1.000000000000
4	18	60
0.737557061761	-0.355970719159	0.573841814221	0.022909044717
0.320129938238	0.932535377027	0.167016745377	-0.009351495666
-0.594580863542	0.060519564560	0.801754937007	0.146448084499
0.000000000000	0.000000000000	0.000000000000	1.000000000000
4	19	60
0.911398364615	-0.280506852568	0.301112813810	0.231567707106
0.276544777077	0.959330204796	0.056644015026	0.259184632564
-0.304755651710	0.031645913310	0.951904684788	-0.217779335912
0.000000000000	0.000000000000	0.000000000000	1.000000000000
4	20	60
0.927119765292	-0.206831777275	0.312521290017	0.447792630065
0.158324815968	0.972005284224	0.173605818131	0.184899112129
-0.339679545239	-0.111473509630	0.933911914046	-0.886894320204
0.000000000000	0.000000000000	0.000000000000	1.000000000000
4	25	60
0.873790122632	0.072460643148	-0.480874491719	2.550174824704
0.016161748434	0.983963545825	0.177635971511	0.165026755032
0.486034586710	-0.162988329894	0.858606536686	0.189749887149
0.000000000000	0.000000000000	0.000000000000	1.000000000000
4	26	60
0.668637083366	0.209629794865	-0.713428202311	2.402568003267
-0.147011688116	0.977768513192	0.149520226616	-0.016974372026
0.728911527076	0.004907516143	0.684590316891	0.586065180812
0.000000000000	0.000000000000	0.000000000000	1.000000000000
4	27	60
0.118551676515	0.378227930047	-0.918089937276	2.001362826397
-0.262300227207	0.903695481441	0.338427344683	-0.366893773008
0.957676401924	0.200694070054	0.206343886372	1.212921214151
0.000000000000	0.000000000000	0.000000000000	1.000000000000
4	37	60
0.513306844512	-0.638757799103	0.573153171030	-0.326642208188
0.430568246537	0.769394257664	0.471851100823	-0.558488703557
-0.742379329218	0.004577156204	0.669964164109	0.667372746060
0.000000000000	0.000000000000	0.000000000000	1.000000000000
4	38	60
0.784457869086	-0.495145865593	0.373438647457	-0.465608700589
0.311160332369	0.835101470296	0.453635075660	-0.309944386490
-0.536474695758	-0.239658311133	0.809171671968	0.140124589380
0.000000000000	0.000000000000	0.000000000000	1.000000000000
4	39	60
0.800301191547	-0.441690019952	0.405497138193	-0.264674058001
0.282786193812	0.874384883218	0.394313383730	-0.180438423631
-0.528724854152	-0.200900478531	0.824675103497	-0.186907192380
0.000000000000	0.000000000000	0.000000000000	1.000000000000
4	41	60
0.905317016350	-0.062552808355	-0.420105041715	-0.329422451198
-0.065681203864	0.956579611314	-0.283974341581	0.230183486714
0.419627310082	0.284679808530	0.861899255858	-0.600089960885
0.000000000000	0.000000000000	0.000000000000	1.000000000000
5	6	60
0.997376774911	0.071814367582	0.009070031829	0.350931142934
-0.072057842142	0.996942868953	0.030208995849	0.156248717190
-0.006872863621	-0.030783317775	0.999502451769	0.021926870044
0.000000000000	0.000000000000	0.000000000000	1.000000000000
5	7	60
0.995614023483	0.070070651793	-0.061990483157	0.753503093694
-0.064305064275	0.993812432983	0.090563274876	0.156073419705
0.067952740588	-0.086179764475	0.993959492757	-0.114626748558
0.000000000000	0.000000000000	0.000000000000	1.000000000000
5	8	60
0.995401419658	0.058771882402	0.075643106640	1.073851640677
-0.071144291219	0.982358745873	0.172944454187	0.204720764745
-0.064144396249	-0.177530730428	0.982022574172	-0.093765849048
0.000000000000	0.000000000000	0.000000000000	1.000000000000
5	9	60
0.964969593528	0.261194367793	0.024722172236	1.149388140148
-0.261981153097	0.964356055559	0.037192385348	-0.126150016451
-0.014126534925	-0.042366264162	0.999002272606	-0.028578894065
0.000000000000	0.000000000000	0.000000000000	1.000000000000
5	10	60
0.945814734967	0.198195053345	-0.257202659294	0.642995695164
-0.180211387403	0.979320659011	0.091950544775	-0.085556938972
0.270108020927	-0.040617332061	0.961972915090	0.007756241056
0.000000000000	0.000000000000	0.000000000000	1.000000000000
5	11	60
0.982109857000	-0.014062920825	-0.187783021172	0.376529388306
0.032998729123	0.994629595535	0.098097153691	-0.042550798545
0.185395017891	-0.102538782633	0.977299588354	0.137075407796
0.000000000000	0.000000000000	0.000000000000	1.000000000000
5	12	60
0.949528263192	0.104377981279	-0.295806210930	0.000354045384
-0.057169183362	0.984804640097	0.163986296128	-0.095582596629
0.308427887640	-0.138798623437	0.941067043445	0.360853198950
0.000000000000	0.000000000000	0.000000000000	1.000000000000
5	15	60
0.980109518135	-0.179533798445	0.084575100805	-0.424003000885
0.148268247567	0.945694994117	0.289270642936	-0.228326738207
-0.131916106763	-0.270977108475	0.953503826662	0.680433296277
0.000000000000	0.000000000000	0.000000000000	1.000000000000
5	16	60
0.851071685222	-0.330012837176	0.408373008305	-0.307469634898
0.232184259724	0.934151739895	0.271018442893	-0.207951656244
-0.470921921500	-0.135838338295	0.871653881825	0.597733696614
0.000000000000	0.000000000000	0.000000000000	1.000000000000
5	17	60
0.623741690486	-0.275991213886	0.731283223798	-0.349020505546
0.224152028398	0.959449925194	0.170914332957	-0.204820906906
-0.748800488592	0.057312222981	0.660312908689	0.542504051025
0.000000000000	0.000000000000	0.000000000000	1.000000000000
5	18	60
0.811045528860	-0.226641577496	0.539294674058	-0.293125274986
0.190822585248	0.973971251345	0.122338638675	-0.178457885872
-0.552984530594	0.003687398010	0.833183360384	0.294436787363
0.000000000000	0.000000000000	0.000000000000	1.000000000000
5	19	60
0.954013335115	-0.175210579611	0.243227895634	-0.010978239861
0.166720018043	0.984456114951	0.055232176487	0.038875200905
-0.249124450839	-0.012141273747	0.968395372493	-0.036425578374
0.000000000000	0.000000000000	0.000000000000	1.000000000000
5	20	60
0.969935266838	-0.060010235143	0.235848149921	0.345351515082
0.020167041283	0.985607194836	0.167844415852	-0.093968783826
-0.242526016314	-0.158041858901	0.957185406411	-0.710524396082
0.000000000000	0.000000000000	0.000000000000	1.000000000000
5	21	60
0.852669090023	-0.218056036793	0.474770457945	0.365415605169
0.115633730342	0.964965247184	0.235522636142	-0.106944081470
-0.509494124918	-0.145923392731	0.848010672178	-0.572155848516
0.000000000000	0.000000000000	0.000000000000	1.000000000000
5	25	60
0.854445522854	0.187178253080	-0.484651575927	2.173874804412
-0.058414399854	0.961542091321	0.268373926655	-0.365538142998
0.516246652642	-0.201000269135	0.832519240284	0.439064683222
0.000000000000	0.000000000000	0.000000000000	1.000000000000
5	26	60
0.581717694804	0.379507985206	-0.719429088039	2.020014961128
-0.211729347527	0.924640974168	0.316559239772	-0.581754410462
0.785350372094	-0.031823859827	0.618232994104	0.935720877879
0.000000000000	0.000000000000	0.000000000000	1.000000000000
5	36	60
0.467301006845	-0.531771954699	0.706291977299	-0.477963642398
0.388031822233	0.841189480057	0.376605315385	-0.782932863978
-0.794393525865	0.098075719917	0.599433131573	1.285859713807
0.000000000000	0.000000000000	0.000000000000	1.000000000000
5	37	60
0.625897515078	-0.508611106034	0.591241949999	-0.760232566921
0.291263115371	0.855680838069	0.427757058371	-0.654661670884
-0.723476397848	-0.095525107597	0.683708165503	0.837461230124
0.000000000000	0.000000000000	0.000000000000	1.000000000000
5	38	60
0.852345261384	-0.358308057351	0.380949985474	-0.768494462912
0.161960471242	0.873459092910	0.459171012552	-0.439111341803
-0.497268902256	-0.329673397546	0.802520460673	0.285222294442
0.000000000000	0.000000000000	0.000000000000	1.000000000000
5	39	60
0.859850033193	-0.210795358759	0.464998104451	-0.635367025688
0.037830344623	0.934586822968	0.353717875375	-0.307339988942
-0.509143187564	-0.286553288342	0.811578971818	-0.023920727936
0.000000000000	0.000000000000	0.000000000000	1.000000000000
6	7	60
0.996594960462	0.018912498740	-0.080254608418	0.458106168810
-0.015911910654	0.999156184876	0.037864618354	0.055311738526
0.080903002913	-0.036458683673	0.996054952553	-0.118318904620
0.000000000000	0.000000000000	0.000000000000	1.000000000000
6	8	60
0.995763323232	0.063458870180	0.066546043462	0.744913689626
-0.073550045926	0.984012049103	0.162205665636	0.043764130049
-0.055188720309	-0.166412917213	0.984510510932	-0.098623356062
0.000000000000	0.000000000000	0.000000000000	1.000000000000
6	9	60
0.979791756606	0.195545641939	0.042071553412	0.764020253945
-0.196247415959	0.980465391711	0.013212395211	-0.247212087941
-0.038666075793	-0.021201829556	0.999027235368	-0.072791843463
0.000000000000	0.000000000000	0.000000000000	1.000000000000
6	10	60
0.957991595633	0.133119241468	-0.254030254592	0.285079256399
-0.126066035281	0.991049050266	0.043921916121	-0.229934206105
0.257603294710	-0.010052239471	0.966198476006	-0.015330572319
0.000000000000	0.000000000000	0.000000000000	1.000000000000
6	11	60
0.979949141203	-0.055085261919	-0.191481838760	0.019470299687
0.070222642381	0.994843138459	0.073184085421	-0.231274352490
0.186463028916	-0.085163042343	0.978763911812	0.107502774111
0.000000000000	0.000000000000	0.000000000000	1.000000000000
6	12	60
0.944299585871	-0.005020351084	-0.329048762646	-0.313017578825
0.044170101099	0.992769755480	0.111611893515	-0.301256601354
0.326109328742	-0.119929181937	0.937693818380	0.309280071614
0.000000000000	0.000000000000	0.000000000000	1.000000000000
6	15	60
0.970296791989	-0.227414585148	0.082502981263	-0.805026433928
0.202423622281	0.949967956779	0.237877191498	-0.419892429246
-0.132471931359	-0.214110923482	0.967784945041	0.664271403616
0.000000000000	0.000000000000	0.000000000000	1.000000000000
6	16	60
0.825929142542	-0.394571286959	0.402684182713	-0.651567060023
0.291534457041	0.910267550562	0.293973887873	-0.440698532011
-0.482543999919	-0.125405286574	0.866847623427	0.596161650467
0.000000000000	0.000000000000	0.000000000000	1.000000000000
6	17	60
0.613734621463	-0.377583781467	0.693368806906	-0.619007520453
0.314519335019	0.922457621255	0.223940895970	-0.446634519140
-0.724159790596	0.080637615053	0.684901578858	0.461279275061
0.000000000000	0.000000000000	0.000000000000	1.000000000000
6	18	60
0.826507668904	-0.269377599633	0.494288156907	-0.530649671645
0.247472726852	0.962542766241	0.110764040290	-0.346249205809
-0.505610841168	0.030775509302	0.862212587081	0.243269960599
0.000000000000	0.000000000000	0.000000000000	1.000000000000
6	19	60
0.944163138783	-0.244741492038	0.220584608346	-0.290555744200
0.240327464772	0.969550408296	0.047060763376	-0.143245650560
-0.225385618531	0.008579501629	0.974231859011	-0.075765641971
0.000000000000	0.000000000000	0.000000000000	1.000000000000
6	20	60
0.965182221590	-0.115473705382	0.234710678264	-0.009823812807
0.080410611757	0.984817309388	0.153847329021	-0.223917730004
-0.248912459798	-0.129617477586	0.959813469827	-0.738768150814
0.000000000000	0.000000000000	0.000000000000	1.000000000000
6	21	60
0.862451545389	-0.234510834826	0.448533165111	0.106549984404
0.149985388584	0.964796398366	0.216037711779	-0.208204748088
-0.483406366391	-0.119048637324	0.867263343446	-0.627461809973
0.000000000000	0.000000000000	0.000000000000	1.000000000000
6	24	60
0.994512859877	-0.004037464214	0.104536454986	1.418146118194
-0.008291345573	0.993069587281	0.117235013569	-0.320249120131
-0.104285306381	-0.117458476496	0.987586999293	-0.140304790357
0.000000000000	0.000000000000	0.000000000000	1.000000000000
6	25	60
0.850968107754	0.173725098899	-0.495653981723	1.867510361309
-0.058535791866	0.969203088088	0.239204797427	-0.502613219479
0.521945246799	-0.174542155520	0.834930054131	0.419008931395
0.000000000000	0.000000000000	0.000000000000	1.000000000000
6	26	60
0.597401997318	0.305874658269	-0.741317440122	1.712144300331
-0.197162613274	0.952050246929	0.233938520236	-0.625568391535
0.777327316854	0.006404744521	0.629063766021	0.882015905291
0.000000000000	0.000000000000	0.000000000000	1.000000000000
6	35	60
-0.226627184462	-0.673531104980	0.703559499891	-0.677149290591
0.567731010951	0.495595391081	0.657317813196	-1.094361333680
-0.791404838542	0.548398631438	0.270069107024	1.432327003899
0.000000000000	0.000000000000	0.000000000000	1.000000000000
6	36	60
0.414684937838	-0.611311589063	0.674043428428	-0.755912949697
0.489792087473	0.774228057364	0.400842395760	-1.047010906790
-0.766902936087	0.163917833889	0.620476293144	1.212498157796
0.000000000000	0.000000000000	0.000000000000	1.000000000000
6	37	60
0.608826562501	-0.537197674295	0.583736991740	-1.076643182016
0.353165133466	0.842430406772	0.406921857670	-0.866008305952
-0.710355266960	-0.041589283215	0.702613497041	0.759962952616
0.000000000000	0.000000000000	0.000000000000	1.000000000000
6	38	60
0.836457194353	-0.418986042283	0.353256363548	-1.065773163384
0.250624887581	0.865688871858	0.433324292957	-0.654120734146
-0.487366933368	-0.273922385930	0.829120014682	0.231258779342
0.000000000000	0.000000000000	0.000000000000	1.000000000000
6	39	60
0.875415121855	-0.271729512509	0.399764226086	-0.815914064503
0.123836149604	0.925507850150	0.357910362190	-0.505792577847
-0.467239737692	-0.263814880822	0.843853503980	-0.084879515076
0.000000000000	0.000000000000	0.000000000000	1.000000000000
6	53	60
0.736573071602	-0.231790400144	0.635400126371	-0.865859148578
0.193375636578	0.972399141168	0.130559463211	-0.768688819674
-0.648124967401	0.026704319075	0.761065638414	1.563788782123
0.000000000000	0.000000000000	0.000000000000	1.000000000000
6	54	60
0.476356026737	-0.328956863341	0.815397030809	-0.732307506593
0.289460219602	0.934351995926	0.207844001541	-0.746778357310
-0.830239554020	0.137017260846	0.540304130255	1.359575850203
0.000000000000	0.000000000000	0.000000000000	1.000000000000
6	59	60
0.443170659222	-0.520712950864	0.729697053308	-1.001858906253
0.312526996954	0.852672699947	0.418659937109	-0.426972096484
-0.840194407849	0.042512228438	0.540616377345	0.868726570578
0.000000000000	0.000000000000	0.000000000000	1.000000000000
7	8	60
0.990887372885	0.027518440374	0.131851999209	0.326430288049
-0.046505243125	0.988605626530	0.143164861451	-0.038301250282
-0.126409954584	-0.147992062733	0.980876583853	-0.024316053389
0.000000000000	0.000000000000	0.000000000000	1.000000000000
7	9	60
0.974317858441	0.188816857010	0.122690281737	0.318590093140
-0.187391343960	0.982012227329	-0.023161813082	-0.300757161701
-0.124856697589	-0.000424128666	0.992174694891	0.027522940842
0.000000000000	0.000000000000	0.000000000000	1.000000000000
7	10	60
0.976154375202	0.134135487415	-0.170676028750	-0.164904809767
-0.133660191428	0.990923674281	0.014325675407	-0.307348250282
0.171048498974	0.008828519949	0.985223055066	0.096828993869
0.000000000000	0.000000000000	0.000000000000	1.000000000000
7	11	60
0.990457971803	-0.034175152159	-0.133510542904	-0.353575366439
0.041445870605	0.997783371551	0.052063262147	-0.318707998280
0.131435329731	-0.057099933718	0.989678913420	0.239189853582
0.000000000000	0.000000000000	0.000000000000	1.000000000000
7	15	60
0.959607594794	-0.272475754369	0.070073014033	-1.061784171930
0.251412000608	0.942286939174	0.221104794640	-0.578491929843
-0.126274581626	-0.194556643535	0.972729377829	0.776747039053
0.000000000000	0.000000000000	0.000000000000	1.000000000000
7	16	60
0.777920682785	-0.413223830519	0.473376675796	-1.075924885201
0.310625299713	0.907755963203	0.281941544381	-0.573435761199
-0.546215465246	-0.072285386914	0.834519914900	0.782738860845
0.000000000000	0.000000000000	0.000000000000	1.000000000000
7	17	60
0.562874167132	-0.384762434609	0.731526172388	-1.012914464672
0.346503196824	0.913362561297	0.213785795159	-0.555227176505
-0.750405361499	0.133141655898	0.647429604589	0.610258930223
0.000000000000	0.000000000000	0.000000000000	1.000000000000
7	18	60
0.750409800669	-0.307197341386	0.585247746262	-0.995637055264
0.299311350940	0.947380635614	0.113501746515	-0.476444443974
-0.589319816617	0.089998470590	0.802871365185	0.435337430569
0.000000000000	0.000000000000	0.000000000000	1.000000000000
7	19	60
0.924712689388	-0.244489410691	0.291772805698	-0.718389957289
0.250098709227	0.968042995706	0.018530896014	-0.234270197000
-0.286979228739	0.055836247403	0.956308128036	0.081673857626
0.000000000000	0.000000000000	0.000000000000	1.000000000000
7	20	60
0.934283733359	-0.162947219715	0.317115293178	-0.528206011080
0.124845933748	0.982656782098	0.137109961063	-0.298353610061
-0.333957180499	-0.088509051421	0.938423544787	-0.601761356795
0.000000000000	0.000000000000	0.000000000000	1.000000000000
7	21	60
0.810971587736	-0.276574282378	0.515588741356	-0.444501317252
0.199509462466	0.959124661945	0.200688458154	-0.274979280395
-0.550019143551	-0.059887804908	0.833002036343	-0.477030223676
0.000000000000	0.000000000000	0.000000000000	1.000000000000
7	24	60
0.992178389343	-0.103911235399	0.069170072132	1.156168766189
0.095332240938	0.988485341576	0.117509545688	-0.361274141253
-0.080584164442	-0.109996293791	0.990659885023	-0.075633327103
0.000000000000	0.000000000000	0.000000000000	1.000000000000
7	25	60
0.888551122271	0.132297726776	-0.439288304648	1.428839444521
-0.061838215789	0.983318234366	0.171059302672	-0.499026570096
0.454590956992	-0.124830130388	0.881909576073	0.417448910762
0.000000000000	0.000000000000	0.000000000000	1.000000000000
7	26	60
0.625809248750	0.249870804083	-0.738868977185	1.424268026141
-0.186675512547	0.967748101673	0.169162243790	-0.631695350596
0.757307755932	0.032065448318	0.652270472910	0.947993905147
0.000000000000	0.000000000000	0.000000000000	1.000000000000
7	35	60
-0.266427438333	-0.607753497851	0.748098994755	-1.037175829329
0.623027036229	0.483619787520	0.614775742240	-1.164651382830
-0.735427584628	0.629879025662	0.249797279407	1.557419054257
0.000000000000	0.000000000000	0.000000000000	1.000000000000
7	36	60
0.389495708070	-0.584388310546	0.711887207282	-1.064881251673
0.479312217756	0.788625406347	0.385136036191	-1.120238434763
-0.786481335637	0.191207402995	0.587270668206	1.356406051614
0.000000000000	0.000000000000	0.000000000000	1.000000000000
7	37	60
0.547973459636	-0.595511742685	0.587444339371	-1.389070566761
0.422638222823	0.803141184506	0.419929958873	-1.018797242217
-0.721873964168	0.018165959230	0.691786078049	0.923447538149
0.000000000000	0.000000000000	0.000000000000	1.000000000000
7	38	60
0.798237432873	-0.441807582478	0.409417953716	-1.448163450288
0.261484379529	0.866491394116	0.425227683937	-0.761245460199
-0.542625948534	-0.232376255217	0.807191647621	0.433975108708
0.000000000000	0.000000000000	0.000000000000	1.000000000000
7	39	60
0.851611483287	-0.303318595630	0.427499369681	-1.222345085450
0.154617232742	0.924641212813	0.348040427115	-0.603426720009
-0.500850669234	-0.230296454840	0.834333356648	0.038016116018
0.000000000000	0.000000000000	0.000000000000	1.000000000000
7	53	60
0.709821222006	-0.275503067813	0.648268379929	-1.155456984751
0.200640423752	0.961291974048	0.188841629383	-1.021920463464
-0.675201638880	-0.003974953680	0.737622495994	1.734439899427
0.000000000000	0.000000000000	0.000000000000	1.000000000000
7	54	60
0.356817030469	-0.358039761612	0.862837838689	-1.052775315299
0.317590267709	0.915115055884	0.248396570730	-0.918714725675
-0.878531745940	0.185396773433	0.440238580519	1.595181599035
0.000000000000	0.000000000000	0.000000000000	1.000000000000
7	58	60
0.054057896007	-0.552271379897	0.831909891050	-1.501723637038
0.312725171812	0.800579372025	0.511151284849	-0.618357872759
-0.948304123578	0.232527400611	0.215986798604	1.289210920833
0.000000000000	0.000000000000	0.000000000000	1.000000000000
7	59	60
0.376800697360	-0.518259307677	0.767742485782	-1.390793516481
0.314374727013	0.851187279018	0.420296023123	-0.540084051697
